Number of Iterations: 355
X Poses,Y Poses
Iteration 1,"[[1.3, 1.05, 1.05, 0.25, 0.45], [0.25, 0.3, -0.4, -0.35, 0.2]]"
Iteration 2,"[[1.3010578201506162, 1.0479420518800309, 1.0497849298393744, 0.24354776058523714, 0.44533211035146203], [0.2534484442050844, 0.3045140711146635, -0.40517434726252116, -0.35014091329078306, 0.2018730924900759]]"
Iteration 3,"[[1.3020940211535197, 1.045716875532884, 1.0495494365621514, 0.23710150036219774, 0.4407650787120797], [0.2567762424280672, 0.30911351216248734, -0.4103521245046348, -0.35026974109928843, 0.20374874357427625]]"
Iteration 4,"[[1.3031087257066516, 1.0432747583804056, 1.049233753163887, 0.2306608233270077, 0.43629263447694433], [0.25998946298720393, 0.31380599985860774, -0.4154751393404157, -0.35038535039374485, 0.2056304314500085]]"
Iteration 5,"[[1.3041197998923888, 1.040890163517323, 1.0488599467442417, 0.22422238127481714, 0.43191845511522087], [0.2629442177622361, 0.31849658373017464, -0.42048579111854073, -0.35048377696089816, 0.20753774998710206]]"
Iteration 6,"[[1.305106763654372, 1.0386085560023155, 1.048444209325108, 0.21779355693810784, 0.4276318513094952], [0.26580013397837676, 0.3231526843805201, -0.42531725526149766, -0.35057190142841904, 0.20947859483374573]]"
Iteration 7,"[[1.306008462525455, 1.0364444104299957, 1.0480256784381732, 0.2113693660426526, 0.42343281622825635], [0.26845259796869525, 0.3278645559667734, -0.43000455179967206, -0.3506436619101848, 0.21148447722031655]]"
Iteration 8,"[[1.3068377397352626, 1.0343266132975866, 1.0475651957391086, 0.20495373942909667, 0.4193006397150339], [0.2709779979820618, 0.3326326526415619, -0.4345230379079419, -0.3507023478055502, 0.21356697477106215]]"
Iteration 9,"[[1.3076452503047866, 1.0321929853861185, 1.0470994447829078, 0.19854719551742694, 0.41521156380132296], [0.2734205660330315, 0.3371526438008259, -0.4389097832949761, -0.3507474367056851, 0.21574414603969655]]"
Iteration 10,"[[1.3083701087421935, 1.030015783982977, 1.046625356912564, 0.19214958865119738, 0.4111368761637174], [0.27569076796680475, 0.3414769276086308, -0.443166150105852, -0.35077768301648493, 0.21804312180524985]]"
Iteration 11,"[[1.3090746604930037, 1.0278121314465272, 1.0461399816719261, 0.1857584391258023, 0.4069819278926175], [0.27788686627679204, 0.345646108021749, -0.44729247602011857, -0.35078948510693725, 0.22030590001037692]]"
Iteration 12,"[[1.309759222992626, 1.0256096056340567, 1.0455891536380344, 0.17937862050798076, 0.40272006474178546], [0.2800113766478028, 0.349701198096406, -0.45132902774674466, -0.350787012875452, 0.2225189644952434]]"
Iteration 13,"[[1.3104240926938038, 1.0233530218782274, 1.0450189224974087, 0.17301211837528804, 0.39832606925991865], [0.28206669658111355, 0.35365676769551824, -0.4552774140725118, -0.35077096880684955, 0.22468372077983517]]"
Iteration 14,"[[1.3109856900123549, 1.0210554518210804, 1.0443841165010392, 0.16665603676421717, 0.39376884815593155], [0.28405835569942167, 0.3575381713429513, -0.4591263134825715, -0.350736772587518, 0.22680430176725827]]"
Iteration 15,"[[1.3114814698477175, 1.0189998971122027, 1.0437356143070926, 0.16031468947670913, 0.3890084990308258], [0.2857743668492847, 0.3615135248048091, -0.46284321919915594, -0.3506877095522782, 0.2288783714094254]]"
Iteration 16,"[[1.3119708105391328, 1.017036533723404, 1.0430330245800838, 0.15399002372680984, 0.38405780599856476], [0.2873073525573283, 0.36555782765889105, -0.4665115653113118, -0.3506241337591525, 0.23089413338780093]]"
Iteration 17,"[[1.3124673363481647, 1.0151817160107872, 1.0422719179584954, 0.1476797225488865, 0.3792734879122948], [0.28870658752391254, 0.36971818605460216, -0.47001661187892446, -0.3505416320647809, 0.23297244325679878]]"
Iteration 18,"[[1.3129494055859352, 1.013319186614076, 1.041493200370042, 0.14138891888375427, 0.37458688393441286], [0.29006004997716317, 0.3739393727314435, -0.47342835402715755, -0.3504441072599681, 0.23516566444127063]]"
Iteration 19,"[[1.3133575571690037, 1.0114045845544353, 1.0407020644935292, 0.13512088464553718, 0.36991654221024317], [0.2913086377568816, 0.37819858797576955, -0.47671018875137944, -0.3503329475993758, 0.23750027627549375]]"
Iteration 20,"[[1.3137213212144518, 1.0094385359209952, 1.0398747647536581, 0.12887579539969612, 0.36534425478839316], [0.2924047855295039, 0.3825042247637976, -0.47994578126789755, -0.35020580243108, 0.23972342668754243]]"
Iteration 21,"[[1.314073202301086, 1.0074684198872665, 1.0390757601202625, 0.12265703865928049, 0.3609120735288989], [0.293464850940518, 0.38691199907734797, -0.4830279440903332, -0.3500639499462871, 0.24178458635094294]]"
Iteration 22,"[[1.314374961575811, 1.0054350538652665, 1.0381670872502016, 0.11646240650166845, 0.35658291213336774], [0.29435949661683414, 0.39136758423385787, -0.48603054998813044, -0.3499019637286321, 0.24371942515568534]]"
Iteration 23,"[[1.3145329051886985, 1.0034000817591306, 1.0372357653742268, 0.11029584283076845, 0.3523239717679505], [0.2949210656031458, 0.39594837110759173, -0.4890240959925134, -0.34972179108246976, 0.24555128135131735]]"
Iteration 24,"[[1.3146177533392431, 1.001325424649932, 1.0362458995260417, 0.10415300526032605, 0.3481134000133094], [0.29538356776320135, 0.40061329936794116, -0.4918396992784357, -0.3495152259059729, 0.24730394386533952]]"
Iteration 25,"[[1.3147016556961355, 0.99914579466249, 1.0352405216251128, 0.09803806438358634, 0.34395619898835084], [0.2958301500150884, 0.40527444601619317, -0.49459577191135434, -0.3492846990990404, 0.24904012812311827]]"
Iteration 26,"[[1.314784987981702, 0.996863330469423, 1.034215044214759, 0.09196008618877577, 0.3398901865887318], [0.29626107751290354, 0.40993087024476366, -0.49720965291636193, -0.3490384190953466, 0.2509101445965101]]"
Iteration 27,"[[1.3147923430862931, 0.9945129216757442, 1.0331756411215913, 0.08591565274286841, 0.3358770268554311], [0.29645745178599786, 0.41463346131704376, -0.4997651933908217, -0.34876825651063287, 0.25293572208007814]]"
Iteration 28,"[[1.3147513344155444, 0.9921059239826748, 1.0320655592881913, 0.07990562710618965, 0.33187475571476033], [0.2965041412698214, 0.41939918326900016, -0.5022006896726798, -0.3484718351687034, 0.25510304587754074]]"
Iteration 29,"[[1.314749168537811, 0.9896516774599196, 1.0309117093057458, 0.07393986049833119, 0.3278535134244211], [0.2964204915441043, 0.4240933224256137, -0.5045563123456486, -0.3481586784261187, 0.257400477507454]]"
Iteration 30,"[[1.3146446110947578, 0.9872361833030949, 1.0296887198061033, 0.06801534555611882, 0.3237937106511821], [0.29630220778919686, 0.42882537058018877, -0.5067894571038454, -0.3478203802854809, 0.2598264122764288]]"
Iteration 31,"[[1.314545726250371, 0.9848940169661227, 1.0284451937506756, 0.062142268294479594, 0.31967702502482875], [0.29607433700605423, 0.43340674103918014, -0.5089497932516992, -0.3474672115213039, 0.2623576212524035]]"
Iteration 32,"[[1.3143660938453499, 0.9825621091739313, 1.0271191490502178, 0.05631432264956401, 0.31549120558529636], [0.29563916178533517, 0.4380441855603252, -0.511045734181854, -0.347085346352455, 0.26497102984497223]]"
Iteration 33,"[[1.3141076305360875, 0.9801917244650844, 1.025781105841537, 0.05054356590420777, 0.31122953689191507], [0.29511259229111847, 0.4425426940839292, -0.5131015656401904, -0.34668866277253796, 0.26765378041334764]]"
Iteration 34,"[[1.3138031028527382, 0.977978298334243, 1.0244156840774081, 0.04483152763857965, 0.30688874560892343], [0.29445429801541917, 0.44687108238344675, -0.5150763249491179, -0.34627476295670323, 0.27040401114268214]]"
Iteration 35,"[[1.3134460287812544, 0.9758180507197999, 1.0230107355505509, 0.03918337975561265, 0.30246685465943246], [0.2937869452955014, 0.4511179415859174, -0.5169724550642705, -0.3458473706512927, 0.2732102105661019]]"
Iteration 36,"[[1.3129653007998545, 0.9736548303427872, 1.0216014994869522, 0.03360217928534552, 0.2979636756000856], [0.29292760779133575, 0.4553660589876267, -0.5188857250372777, -0.3454070633816877, 0.2760440651492524]]"
Iteration 37,"[[1.3125005252495816, 0.9715627205976302, 1.020194650794257, 0.02809508475452899, 0.29338015971938197], [0.2920966129798922, 0.4594746148496694, -0.5207391048520358, -0.3449623134316267, 0.27891025649919865]]"
Iteration 38,"[[1.3120370973460522, 0.9696115076670992, 1.018794920915174, 0.022665536293919094, 0.2887182546669884], [0.2910528002496613, 0.46348483334196755, -0.5225068694322356, -0.34451582672241904, 0.28180178367308295]]"
Iteration 39,"[[1.3115870903330433, 0.9677555556395566, 1.017310931176789, 0.017315453182742253, 0.2839807388020423], [0.28976891952243095, 0.46736835873087246, -0.5242728071156184, -0.3440685362936227, 0.2847094823885371]]"
Iteration 40,"[[1.3108894614603472, 0.9658113679279655, 1.0158757916490828, 0.012053687590545863, 0.27917136112796925], [0.2884296452575994, 0.47133423607945113, -0.5259822190889395, -0.3436379773606613, 0.287619575536055]]"
Iteration 41,"[[1.3101717631479415, 0.9638975183865405, 1.0143765025520197, 0.006880905506889946, 0.2742920286961126], [0.2870754182810754, 0.4751955797345417, -0.5276642916241753, -0.3432268801540524, 0.2905379326149887]]"
Iteration 42,"[[1.3094778106558544, 0.961996966734524, 1.0128838595368257, 0.0017988238518773722, 0.2693469314903454], [0.28576590112621636, 0.4789380736610167, -0.5292845359357816, -0.34284408657533233, 0.2934540174203383]]"
Iteration 43,"[[1.3087671651974335, 0.9601916901517923, 1.011393310181441, -0.003192538805942481, 0.2643389772908654], [0.2843307254512276, 0.482588206556816, -0.5308677142808026, -0.3424994353508173, 0.2963667490923751]]"
Iteration 44,"[[1.3079556977226616, 0.9584044665978784, 1.0098508897645018, -0.00809685441714681, 0.2592708491132764], [0.2828166171447596, 0.4861455603440111, -0.5324458341596673, -0.34219883104382187, 0.2992766868756079]]"
Iteration 45,"[[1.307075679453118, 0.9566752263424524, 1.0082849048046403, -0.012917157805952165, 0.2541463369763829], [0.28118678025148025, 0.4897108728705174, -0.5339213460956214, -0.34196075265112735, 0.30217845856374786]]"
Iteration 46,"[[1.3061469840378752, 0.9549748081413715, 1.0066977038117975, -0.017661072573598433, 0.2489680725257756], [0.2795442886922455, 0.4930839678215787, -0.5353639033552517, -0.3418035537115109, 0.3050723000178626]]"
Iteration 47,"[[1.3050737073316652, 0.9532833495038169, 1.0051125936963736, -0.02234297072547485, 0.2437409921630824], [0.2778494517837617, 0.496509588150867, -0.5367929599874747, -0.3417370268943282, 0.30794734250897393]]"
Iteration 48,"[[1.3040514090591364, 0.9516066147577452, 1.0034810880164404, -0.02698147406837044, 0.23846669721833363], [0.27611188862333186, 0.4997948438602931, -0.5381448766419705, -0.3417821757066042, 0.3108066289026073]]"
Iteration 49,"[[1.3029462096399034, 0.950019190538448, 1.0018582749667089, -0.031603979067118634, 0.23314758623911966], [0.2742476672328215, 0.5030267549014262, -0.5394592522364973, -0.34194625377964766, 0.3136498104880887]]"
Iteration 50,"[[1.3018696446004776, 0.948378107651716, 1.0002175849948793, -0.036245379475189694, 0.22778791974879767], [0.27234892132363053, 0.5061297547932668, -0.5407976167665736, -0.34223221668195425, 0.31646867571806797]]"
Iteration 51,"[[1.3007235069971048, 0.9467049531424958, 0.9985908144699053, -0.04094015625242166, 0.22238959146324078], [0.27054528340752193, 0.5092329851405311, -0.542071796869266, -0.34256563641204624, 0.3192630883745125]]"
Iteration 52,"[[1.2994973690831348, 0.9451120521097695, 0.9969732397366297, -0.045700726178565215, 0.21695067536230045], [0.2686350297833034, 0.5123257552195501, -0.5433062398127928, -0.3428068992189032, 0.32204685684984385]]"
Iteration 53,"[[1.2982508308066343, 0.9435874935939361, 0.9953511764785504, -0.05055523063912133, 0.2114795014291578], [0.2666196901884721, 0.5152875861560604, -0.5445672016024328, -0.3429740658626378, 0.3247982126900083]]"
Iteration 54,"[[1.296991639889761, 0.9420875272791853, 0.9937377971409586, -0.055530006058249606, 0.2059715074314685], [0.2645232800795035, 0.5181710470028831, -0.5458166381033314, -0.34304470148751454, 0.3275373287937868]]"
Iteration 55,"[[1.2957053868040371, 0.9406307871931328, 0.9920945971576481, -0.06066052074483944, 0.2004305788543627], [0.26248540971816914, 0.5210198707127403, -0.5469965960608746, -0.34300463522712954, 0.33025812669288335]]"
Iteration 56,"[[1.29434365805258, 0.9391833258138284, 0.9904294075553627, -0.06598112377283992, 0.19486167619821937], [0.26022833925709465, 0.5238591650443145, -0.5482386882744359, -0.34281725487974973, 0.3329499956162516]]"
Iteration 57,"[[1.292906753888808, 0.9376773011326293, 0.9887845565693166, -0.0712256243858812, 0.18926334509548157], [0.2580493387935045, 0.5266578118852383, -0.5494014599046853, -0.3427119822160189, 0.33562111939007516]]"
Iteration 58,"[[1.2915167173072297, 0.9361888145829077, 0.9870365202125342, -0.07640209185483103, 0.18363685425282647], [0.25594294662970474, 0.529296517270133, -0.5504599656611366, -0.34276722691974104, 0.338272089250795]]"
Iteration 59,"[[1.2901241943392758, 0.934809780682778, 0.9852515307101544, -0.0815987460019583, 0.17797858623995913], [0.25372208275495045, 0.5318606407613797, -0.5515114240618999, -0.34296230151841967, 0.34091805762149635]]"
Iteration 60,"[[1.2886922256743303, 0.9334821443150776, 0.9835249317652723, -0.08672610832940973, 0.17229553156300284], [0.2515457212202763, 0.5344140256463933, -0.5525292639959518, -0.3431850153561278, 0.3435446268445672]]"
Iteration 61,"[[1.287189384934031, 0.9320856777544013, 0.9816899017156365, -0.09164697542635887, 0.16659375313283317], [0.24932307909555684, 0.5370487553323028, -0.5535067334233723, -0.34331428125590285, 0.34613787546527436]]"
Iteration 62,"[[1.2856829428643743, 0.9306211373497831, 0.979858430136333, -0.09641127981560599, 0.16086785628540967], [0.2471153758125589, 0.5394529597084804, -0.5545267609145021, -0.3433737416402012, 0.34871426293329927]]"
Iteration 63,"[[1.2841285792594483, 0.9292636858342256, 0.9780868712939882, -0.10105779464900923, 0.15512007983210438], [0.24486664037107886, 0.5418502039121892, -0.5555140352345574, -0.34338709142356927, 0.35127116814655723]]"
Iteration 64,"[[1.2826251262512636, 0.927951026150283, 0.9762099794840667, -0.10562500367251129, 0.1493514670547787], [0.24261489498363284, 0.5441683957746435, -0.5565184589401341, -0.3433482466748248, 0.3538086669919462]]"
Iteration 65,"[[1.2810519180890134, 0.9266844259162914, 0.9743944836293009, -0.11013466263524777, 0.14356223837811471], [0.24030431716118583, 0.5463614701051263, -0.5574906086801136, -0.34330672664157996, 0.35632886994407437]]"
Iteration 66,"[[1.2794491377889332, 0.9253657712717759, 0.9726442538546825, -0.11460745300864167, 0.1377572853892126], [0.2380263585765461, 0.5484533842047986, -0.5584782075972052, -0.34346036436342486, 0.35882171721337985]]"
Iteration 67,"[[1.2777903317893298, 0.9240390449236043, 0.9708507981433202, -0.11909178643604787, 0.13193491567680127], [0.235746231122609, 0.5505665491149996, -0.5594514484417615, -0.34378852175344277, 0.3612926785590403]]"
Iteration 68,"[[1.2760983541659399, 0.9227670244936963, 0.969032039147818, -0.12362290512967958, 0.12609294524714174], [0.23352000543853346, 0.5526829584832204, -0.5603772317296507, -0.3442714007180575, 0.36374914418028054]]"
Iteration 69,"[[1.27438602390771, 0.921517565823906, 0.9672046849668884, -0.12822556932908424, 0.12023249227937592], [0.23125354678629975, 0.5547489443745091, -0.5612595469773103, -0.34488718031689874, 0.3661910851955725]]"
Iteration 70,"[[1.2727281638819379, 0.9202167405755951, 0.9653716841445491, -0.13291859172237777, 0.11436018984204355], [0.22906439441114593, 0.5567030249787741, -0.5620408321877025, -0.3456277756397846, 0.3686046289701678]]"
Iteration 71,"[[1.2710588724710632, 0.9189244452152919, 0.9635041748041439, -0.1377049816726626, 0.10847000366091644], [0.22695442483322112, 0.5586135497992868, -0.5628533395957909, -0.3464393230006003, 0.37100481067229696]]"
Iteration 72,"[[1.2694403165790884, 0.9175840563792028, 0.9616728303161276, -0.14259397911152022, 0.10256777997868365], [0.2248459225962824, 0.5604122221577972, -0.5636729654185529, -0.3473241855070469, 0.37338003853926]]"
Iteration 73,"[[1.2678784755652446, 0.9161858061471171, 0.9598629274528769, -0.14759547050346872, 0.09666099586772736], [0.22280920041943117, 0.5621546010989369, -0.5644371668211886, -0.3482940116737927, 0.3757131165807416]]"
Iteration 74,"[[1.2663899092090887, 0.9147576920439214, 0.9579763942295922, -0.1526908946760805, 0.09073584621068627], [0.2207984171407726, 0.5638522239105662, -0.5652070585836266, -0.3492819918425933, 0.37803455317891116]]"
Iteration 75,"[[1.2649212512845456, 0.9133197693851269, 0.9561006077905881, -0.1578770063691431, 0.08479089610531954], [0.21889142722440633, 0.5654555959438209, -0.5659870543545031, -0.35027792186004847, 0.3803503522372721]]"
Iteration 76,"[[1.263266034815794, 0.9118047026986444, 0.954256693798955, -0.1631538533303518, 0.07883134336894654], [0.2170602289922421, 0.5671094816823062, -0.5667544732501221, -0.3512833485773546, 0.38265192742810306]]"
Iteration 77,"[[1.2613177299859584, 0.910386644231353, 0.9523378878043067, -0.1685424981572231, 0.07287354159366506], [0.2151033500655966, 0.5689900676560423, -0.5675603044851526, -0.3523494273607574, 0.3849039995174229]]"
Iteration 78,"[[1.2594384121653432, 0.9088743133622498, 0.950431651034687, -0.17401431766775108, 0.06690920183469407], [0.21321243567437803, 0.5707410628198211, -0.5683702534109106, -0.35341901678804527, 0.3871217545597612]]"
Iteration 79,"[[1.257625935081689, 0.9073719617894069, 0.9484774097205668, -0.17956222762421448, 0.06092636016356757], [0.21138469377127306, 0.5723802918973728, -0.5690580895301258, -0.3544834373042309, 0.3893308058758263]]"
Iteration 80,"[[1.2557890557364597, 0.9060081588953468, 0.9465143081200245, -0.18517877496155438, 0.054929342646489895], [0.20941510542677655, 0.5739962454733532, -0.5696830606017215, -0.35553428193354414, 0.3915245127579939]]"
Iteration 81,"[[1.2539296761325092, 0.9047040421705083, 0.9445650892078429, -0.19086728805176748, 0.04892207277520046], [0.20737780451986662, 0.5755348916504514, -0.570354937684473, -0.35658381685999385, 0.3936960337883379]]"
Iteration 82,"[[1.252162239246005, 0.9033460990673499, 0.942574339545331, -0.1966261692686329, 0.0429098537841234], [0.20526554930697472, 0.5769924216342224, -0.5710416555829775, -0.3576357895489855, 0.3958345660812965]]"
Iteration 83,"[[1.2504397567564094, 0.9020357059198442, 0.9406044768340196, -0.20244209820634423, 0.03688560608652287], [0.2031398710138808, 0.5783971429765283, -0.5717066462870999, -0.3586739235462908, 0.3979541292423256]]"
Iteration 84,"[[1.2487809807926908, 0.9007240789020226, 0.9386111652545381, -0.2083090667396292, 0.03084819800632295], [0.20108167262217808, 0.5797222555313049, -0.5723469663898941, -0.3596939590480469, 0.40005816872039707]]"
Iteration 85,"[[1.2471831090897347, 0.8994177592490973, 0.9366395249556715, -0.2142315773076684, 0.024799605493833532], [0.19908831019048776, 0.5809399951099462, -0.5729629109499041, -0.3607086664811384, 0.40214404856538466]]"
Iteration 86,"[[1.245457003382833, 0.8981432092489194, 0.9346538296619317, -0.2201998253460617, 0.018741985288426258], [0.1970549322095673, 0.5822858575874807, -0.5736044216763014, -0.36170843570320266, 0.40420831433227133]]"
Iteration 87,"[[1.2436759630621899, 0.8967800634598772, 0.9326937201502138, -0.22621747932539366, 0.012675858412999466], [0.19500669868429743, 0.5834692653813385, -0.5742785837231286, -0.3627040684649865, 0.4062503291672621]]"
Iteration 88,"[[1.2418679258186365, 0.8955220745710681, 0.9307547027751073, -0.2322753547463415, 0.006597308615273426], [0.1929463696589414, 0.5846689289060926, -0.5749227559283435, -0.3636871911165475, 0.4082782959843749]]"
Iteration 89,"[[1.2400548780216958, 0.8942323572270059, 0.9287934822605447, -0.23836706565261975, 0.0005051146799148129], [0.1909551116064997, 0.5857657156038689, -0.5755259324199686, -0.3646528683726647, 0.4102960714837108]]"
Iteration 90,"[[1.238335282500745, 0.8928819638489668, 0.9267003348909824, -0.24449582393401642, -0.005594812392859944], [0.18894833074684836, 0.5868276040312497, -0.5760693343496484, -0.36560973808215463, 0.41229378103177244]]"
Iteration 91,"[[1.2366009409981675, 0.8915762263992505, 0.9245729655356882, -0.2506626637110775, -0.011702288078346564], [0.18696131072166247, 0.5879052182331845, -0.5765995528596498, -0.36656372244923435, 0.41427137019938187]]"
Iteration 92,"[[1.2348684432412185, 0.8902236107465286, 0.9224744764906885, -0.25685702987924774, -0.01781946522058625], [0.18499793355542327, 0.5888762092487877, -0.5771371029172399, -0.3675044086469202, 0.41623331215215026]]"
Iteration 93,"[[1.2331963478462298, 0.8888620054951375, 0.9203950440130535, -0.2630765401056374, -0.023943604164163745], [0.18309412654433, 0.5898249641972734, -0.5776862732339793, -0.3684317361399035, 0.4181751977369201]]"
Iteration 94,"[[1.2315786264677069, 0.8874388714275752, 0.9182903920304293, -0.26931969760165403, -0.030073481761927763], [0.18118839273292742, 0.5907697080896217, -0.5782418639537386, -0.3693466432166753, 0.4200948897496752]]"
Iteration 95,"[[1.2300189612746564, 0.886016048454456, 0.9161367069571416, -0.2755865092157351, -0.036208863810723885], [0.17927733010314983, 0.5916572885073494, -0.5788121538029836, -0.3702520052271107, 0.42199185191348254]]"
Iteration 96,"[[1.2284125785843538, 0.8845760899404698, 0.9140091069219807, -0.2818736486959089, -0.042352721662864114], [0.17740795134584594, 0.5925311323516089, -0.5793640750132472, -0.3711462095071913, 0.4238715384500316]]"
Iteration 97,"[[1.2268212660429443, 0.8830804719299323, 0.911902856289131, -0.28819176144803665, -0.04849728563689843], [0.17555164120321406, 0.593377325062666, -0.5799100243311173, -0.372046123322335, 0.4257200583446941]]"
Iteration 98,"[[1.2251940321853465, 0.8816164840164344, 0.9097732419758235, -0.2945181139127419, -0.05465781248694104], [0.17374387546773287, 0.5941957413789493, -0.5804546885249836, -0.3729254465127751, 0.42756438649636425]]"
Iteration 99,"[[1.2236415558934894, 0.8801496915612781, 0.9076372847530668, -0.3008762046434377, -0.06081735987726436], [0.1719210181492937, 0.59498483392583, -0.5809771650771987, -0.37381619080417855, 0.42937583984965]]"
Iteration 100,"[[1.2220233522909183, 0.8786347385119367, 0.9054562332889482, -0.30724234850660914, -0.06699262940384966], [0.17016097820779255, 0.5956750415458159, -0.5814947756604549, -0.37469150878283564, 0.43118326921278133]]"
Iteration 101,"[[1.2203800371011864, 0.8770787405482307, 0.9032771839280378, -0.31362128395644745, -0.07317644313824401], [0.1684550918436431, 0.5964215693091532, -0.5819193402946679, -0.3755584600728392, 0.43297609102292445]]"
Iteration 102,"[[1.218769958028689, 0.875530266396483, 0.9010630527292294, -0.320018143041026, -0.07936509440428208], [0.16675056805803634, 0.5971002099214822, -0.5823618987281757, -0.3764253209491565, 0.43474841849596985]]"
Iteration 103,"[[1.2172541051800798, 0.8740092196635832, 0.8988163696920611, -0.32642951885919613, -0.08555720951258691], [0.16502210052925337, 0.5978513111608956, -0.582727939461485, -0.37729010083429265, 0.43649772471653414]]"
Iteration 104,"[[1.2157883293472487, 0.8724463481485744, 0.8965056615674979, -0.33285390415253374, -0.09175313816379735], [0.16334833206282015, 0.5985151637343806, -0.5831072056938319, -0.37815279971695936, 0.43822423830983714]]"
Iteration 105,"[[1.2143070617909997, 0.8709347269273351, 0.8942471075377945, -0.33928621676817244, -0.09796164652661285], [0.16163541746466742, 0.5991574605698471, -0.5835408497646216, -0.3790086435621308, 0.4399430484045031]]"
Iteration 106,"[[1.2128070201107102, 0.8693727824959051, 0.8919015946404574, -0.3457290654325378, -0.10416959474252374], [0.15998488213559028, 0.599845103105386, -0.5839257585909329, -0.37986194248111177, 0.44163295128397884]]"
Iteration 107,"[[1.2113104421287664, 0.8679329649824018, 0.8896331179822314, -0.352185041929479, -0.11038567171004689], [0.15829224343982148, 0.6005196164866428, -0.5842979362428256, -0.3807174034380407, 0.4433077655080523]]"
Iteration 108,"[[1.2098639668606248, 0.8664508553859201, 0.887353924432225, -0.35864677506905335, -0.11661032639842436], [0.15665376724407115, 0.6010878794360277, -0.5846353796119622, -0.3815675272946071, 0.44496897409822456]]"
Iteration 109,"[[1.2084781838494663, 0.8649643503420184, 0.8850673740502789, -0.3651203913625163, -0.12283373776528843], [0.15500166085766173, 0.6016467116340255, -0.5850087782895624, -0.3824207712312671, 0.4466006558800602]]"
Iteration 110,"[[1.2070686360442502, 0.8634186755758306, 0.8827293107598343, -0.37160621049787085, -0.12907264046533098], [0.15340202119305862, 0.6021225395094508, -0.585335154551356, -0.38327924660914847, 0.44822987432740136]]"
Iteration 111,"[[1.2057055883629428, 0.8618716009089832, 0.8803614068299153, -0.378096260189252, -0.13532213888519407], [0.15185402269657464, 0.6025867016632361, -0.5855823564267846, -0.38413471899076135, 0.4498507391454876]]"
Iteration 112,"[[1.204416364534382, 0.8602722135846194, 0.8779476059733478, -0.38459893627209013, -0.1415660884720623], [0.15028300989898277, 0.6030373493175576, -0.5858026875538167, -0.38499827753088806, 0.45143760237527064]]"
Iteration 113,"[[1.2031119323609836, 0.8586751840826166, 0.875566311076535, -0.391108354428914, -0.14781432568533068], [0.1487790656085858, 0.6035179921951392, -0.5860319165952635, -0.3858644682014533, 0.4530047157580273]]"
Iteration 114,"[[1.2017724122179432, 0.8570292271154567, 0.8731363987658752, -0.3976236225856248, -0.15406343184306695], [0.14718208883257727, 0.6039720569181689, -0.5862981465203793, -0.38673317738827423, 0.4545464149232851]]"
Iteration 115,"[[1.2003905401248196, 0.85540936046185, 0.8707400756806869, -0.4041415454487676, -0.16031691020589278], [0.1456303994452336, 0.6044671460619481, -0.5865680650595602, -0.3876012837708453, 0.4560677079827569]]"
Iteration 116,"[[1.199054247933436, 0.8537983719671975, 0.8683805242107965, -0.4106767914472539, -0.16657440759572723], [0.14412916943692947, 0.6048997785044916, -0.586814364562066, -0.38848750246367697, 0.45756801348390486]]"
Iteration 117,"[[1.197752668066439, 0.8520922711765715, 0.8659797418552648, -0.41719953170541735, -0.17283820897560132], [0.14262272935157744, 0.6052791639840941, -0.5871183016024122, -0.3893573616526093, 0.45905095281561015]]"
Iteration 118,"[[1.196493939044841, 0.8504420185198509, 0.8635712753068941, -0.42372228810144247, -0.1791078450303793], [0.1411654726566183, 0.6056464550413974, -0.5873976228155505, -0.39022440972633243, 0.4605161775259159]]"
Iteration 119,"[[1.1952827241303379, 0.8487010136436155, 0.8611210004912456, -0.4302509487097449, -0.1853741847614244], [0.13969441546933245, 0.6059471658861292, -0.5876947783309224, -0.3910959486601533, 0.4619494739697832]]"
Iteration 120,"[[1.194033774783678, 0.8469751110597594, 0.858717006007455, -0.4367844330783294, -0.19164692446944565], [0.13824976287109092, 0.6061770905600938, -0.5880240651781954, -0.39198536340694595, 0.4633647069732574]]"
Iteration 121,"[[1.1928473940715487, 0.8452057214809392, 0.8561670417745973, -0.443323002056879, -0.1979419346104724], [0.13678417776799034, 0.6063912494201156, -0.5882336766924644, -0.39286823142946475, 0.46478721301194836]]"
Iteration 122,"[[1.1917364534643822, 0.8434475755150469, 0.853610625703575, -0.4498585191811271, -0.20424738204362056], [0.13529147056675886, 0.606570419414471, -0.5884476852153463, -0.3937469842919755, 0.4662021014137973]]"
Iteration 123,"[[1.190662086223385, 0.8416949125009785, 0.8510517561684252, -0.4563687471194295, -0.2105285081434408], [0.13384785548600048, 0.6067532762801736, -0.5886441034869138, -0.39465306160919716, 0.46755679973750086]]"
Iteration 124,"[[1.1894856936583877, 0.8399676703106274, 0.8484967268141849, -0.4628811595487205, -0.21682277713651701], [0.1324250381256599, 0.6069516260439725, -0.5888305854788066, -0.3955605777267818, 0.4689036714004851]]"
Iteration 125,"[[1.1883479673003894, 0.8381999875479438, 0.8459367127078674, -0.4694061855326213, -0.22312611343706582], [0.13104894577835183, 0.6071087472620863, -0.5890152898558864, -0.39646173851157934, 0.4702382082564649]]"
Iteration 126,"[[1.1872476127368432, 0.8364393001128335, 0.8434609727054465, -0.47593186029600393, -0.2294371010643641], [0.12971807015883166, 0.6072593948291529, -0.5891936125854027, -0.3973638908775263, 0.4715592588912624]]"
Iteration 127,"[[1.186137782789023, 0.8346913657236446, 0.8409722385713598, -0.48242679693573864, -0.23574412335809924], [0.1283951399054452, 0.6073612987551261, -0.5893954973210722, -0.39828959047486107, 0.47285004872868064]]"
Iteration 128,"[[1.185020308198305, 0.8328433926920764, 0.838519669084946, -0.488916694191726, -0.24204045879537087], [0.1271399306550105, 0.60748034444691, -0.589600662628937, -0.39922330449040033, 0.47409913122999314]]"
Iteration 129,"[[1.1839097150236064, 0.8310558266238165, 0.8360922993863908, -0.49540951781367676, -0.24834929634080996], [0.12588303798828862, 0.6075958163960594, -0.5898102004926581, -0.4001597225021449, 0.4753384320459251]]"
Iteration 130,"[[1.182820504931477, 0.8291798624199951, 0.8335587476099227, -0.5019084687794008, -0.25465866615714605], [0.12456045478709526, 0.6076728815306943, -0.5900723497342567, -0.4010961866241298, 0.4765518316720611]]"
Iteration 131,"[[1.1817815339061466, 0.8272745764978254, 0.8309717248684356, -0.5083949370462072, -0.2609984018966621], [0.12321755959362102, 0.6076733328775659, -0.5902229478859129, -0.4020453693019638, 0.4777825553890819]]"
Iteration 132,"[[1.1808485673438518, 0.8253781933094705, 0.8282417820436413, -0.5148836252780856, -0.26732574890007077], [0.1217712080872223, 0.6076989215463922, -0.5903947080364228, -0.4029978922975179, 0.4789730581805672]]"
Iteration 133,"[[1.179946370759748, 0.8234438480495119, 0.825518165275275, -0.5213577823629487, -0.273651720981556], [0.12037257366665938, 0.607722031861773, -0.5905284988369395, -0.40396542281293496, 0.48013656899331114]]"
Iteration 134,"[[1.1790739230960898, 0.8215260327213626, 0.8228370348008544, -0.5278260376907716, -0.2799747099207125], [0.11902008313134299, 0.6077182837601932, -0.5906801854263264, -0.4049431184038894, 0.4812699759299925]]"
Iteration 135,"[[1.1782302347202411, 0.8195729294166857, 0.8201151798927047, -0.5342969947176044, -0.2862980184992011], [0.11771221483625458, 0.6076980165341119, -0.5908060887529742, -0.4059253211077886, 0.4823769324866397]]"
Iteration 136,"[[1.177399468757601, 0.8176031676937114, 0.8174403733635811, -0.5407634969380251, -0.2926200454231246], [0.11649375950258262, 0.607708810840405, -0.5909172988849091, -0.40691674109091425, 0.4834546741889975]]"
Iteration 137,"[[1.1765960646729725, 0.8156523508526946, 0.8148075128277369, -0.5472241814159337, -0.29895109158151806], [0.11531549774555269, 0.6076832345378484, -0.5910395899901129, -0.40791865804293104, 0.4845169390124751]]"
Iteration 138,"[[1.1758191004864014, 0.8136697972122579, 0.8122191859695518, -0.5536660963578167, -0.3052767862626108], [0.1141761044294789, 0.6076219703560363, -0.591143610791638, -0.4089406436086576, 0.48554461749365935]]"
Iteration 139,"[[1.1750676785399974, 0.8116578009841438, 0.8096285407285488, -0.5601109007553114, -0.31160806172572986], [0.1130742979220816, 0.6075165990163833, -0.5912375484219788, -0.4099690821085894, 0.4865514898878534]]"
Iteration 140,"[[1.1743767472561673, 0.8096185649829462, 0.8069993883359079, -0.5665682808817286, -0.3179629332157786], [0.11193263212848265, 0.6073605212073586, -0.591304692171186, -0.41099676271991475, 0.48756271937217016]]"
Iteration 141,"[[1.1737294570306553, 0.8076026566878158, 0.8043035282261746, -0.5729285179922565, -0.32433804048691767], [0.11076029321214878, 0.6071553213071471, -0.5912885543643339, -0.4120990728622241, 0.4885770405194458]]"
Iteration 142,"[[1.1731234251399214, 0.8055010922527964, 0.8015773988738896, -0.5791697009188648, -0.3307020678964172], [0.10963333245356505, 0.6069863822000772, -0.5912700556379863, -0.41321186685203826, 0.4895547805053177]]"
Iteration 143,"[[1.1725295894963472, 0.8034203500869183, 0.7988222021230404, -0.5852876233264626, -0.3370581020555528], [0.1084904658931452, 0.6068083115887619, -0.5913025395974615, -0.4143050802783932, 0.4904979295175087]]"
Iteration 144,"[[1.1719550066674327, 0.8013074130175442, 0.7960705127823532, -0.5912804376517538, -0.3433982011947606], [0.10738529884094009, 0.6066445844710722, -0.5913304958624794, -0.41540152246710277, 0.49139419810316687]]"
Iteration 145,"[[1.1714192700305142, 0.7990958970178034, 0.7933062910596776, -0.5971559672737295, -0.3497435192822259], [0.10635855588255352, 0.6064775737772116, -0.5913485578022091, -0.4164711137475957, 0.4922688632690356]]"
Iteration 146,"[[1.1709012107912946, 0.7968591670574942, 0.7905436585014705, -0.6029236482404451, -0.3560674703661043], [0.1053656929800976, 0.6063062451604815, -0.5913812208741401, -0.41755710449475086, 0.49308727943587305]]"
Iteration 147,"[[1.1704002456708613, 0.7946500291944754, 0.7878721075143134, -0.6085010432594515, -0.36240963842335705], [0.10440559238133587, 0.6061069313111809, -0.591412813802934, -0.41860726477223004, 0.49389765973893707]]"
Iteration 148,"[[1.1699568473534785, 0.7924625090423875, 0.7851478403857757, -0.613934856599205, -0.36874131679113925], [0.10339703932775067, 0.605928674557379, -0.5914579193350028, -0.41966600895225625, 0.4946650914380894]]"
Iteration 149,"[[1.169519309717691, 0.7902514841950193, 0.7823661989471609, -0.6192865644895269, -0.37507457441671493], [0.10231172717075177, 0.6057276636912269, -0.5915400806071031, -0.4206967954403841, 0.49540324285490367]]"
Iteration 150,"[[1.1690961954310544, 0.7880189126264535, 0.7796449310364105, -0.6244467613934394, -0.3814257555336774], [0.10126220679841903, 0.6054955091072187, -0.5915779932817266, -0.421723433119494, 0.49613281227748823]]"
Iteration 151,"[[1.1686999286629067, 0.7857666658309961, 0.7768534564873136, -0.6295013627126709, -0.3877870834771209], [0.10018272867503158, 0.6052242580992425, -0.5915843322910308, -0.42276267052148614, 0.4968461899576208]]"
Iteration 152,"[[1.1683167180802234, 0.7834965343283011, 0.774075250417913, -0.6343962839859052, -0.3941740450057976], [0.09913884179429644, 0.6049063767390966, -0.5915361241425172, -0.42380955361987355, 0.49756391433217506]]"
Iteration 153,"[[1.1679461382475798, 0.7812527420097555, 0.7713441446295249, -0.6391694308950406, -0.40055919553000663], [0.09812937533492372, 0.6045901757062068, -0.5914971235226737, -0.42483623737926796, 0.49825519745265134]]"
Iteration 154,"[[1.1675868487618275, 0.7790347860312498, 0.7685863639197343, -0.6438394025195842, -0.40688534741773275], [0.09709596595669134, 0.6042709807136813, -0.5914566341478417, -0.42588828675327267, 0.49884891287883887]]"
Iteration 155,"[[1.1672588642349913, 0.7767876177587956, 0.765879144571687, -0.64836976985321, -0.4131674532743495], [0.09616928565316463, 0.6039437858168659, -0.5913905985946628, -0.4269507013588359, 0.499355334761891]]"
Iteration 156,"[[1.1669261586675141, 0.7745150830798677, 0.7631600295751273, -0.6527897275273814, -0.41937475399471924], [0.09516669719576262, 0.6036377539619028, -0.5913640028336911, -0.4279714293449257, 0.49979366756490645]]"
Iteration 157,"[[1.1666044160100668, 0.7722192645425996, 0.7604435155086093, -0.65714219875387, -0.42546069312400153], [0.09419716354439897, 0.6033428566198873, -0.5913361490358809, -0.42894748642694186, 0.50020818490184]]"
Iteration 158,"[[1.1662932765945047, 0.7699021292802485, 0.7577733377035858, -0.6613416613661031, -0.43150403567117895], [0.09325959731365821, 0.6030495586589858, -0.5913064415142896, -0.42995139111446784, 0.5005741439420404]]"
Iteration 159,"[[1.1659895596757488, 0.7675288939720659, 0.7550333418309733, -0.6655235220186326, -0.43742876177181683], [0.09228658739229906, 0.6027619098963755, -0.5913257378955411, -0.4310182450620612, 0.5008060171692437]]"
Iteration 160,"[[1.1656958374332944, 0.7651391335476625, 0.7523837492405554, -0.669605079284551, -0.4432095526611843], [0.0913456559465802, 0.6024575641984041, -0.5913443646602922, -0.4320671915756721, 0.5010039371523063]]"
Iteration 161,"[[1.165479408776883, 0.7627311231048046, 0.749700677040472, -0.6736301092165969, -0.44892840642356147], [0.09043110035834366, 0.6020815789069259, -0.5913312483613714, -0.433061239608438, 0.5012340209731693]]"
Iteration 162,"[[1.1653348584618217, 0.7602509811939715, 0.7470175825943972, -0.6774684904446265, -0.4546641947291112], [0.08954332218866248, 0.6016720188866614, -0.5912866027107061, -0.43408847499121933, 0.5014731831842812]]"
Iteration 163,"[[1.1652002809118813, 0.7578042332658486, 0.7442609917482547, -0.6812463763997266, -0.46031452948549484], [0.08862350908430952, 0.6012769382968597, -0.5912278224705568, -0.4350959431876679, 0.5017130119849278]]"
Iteration 164,"[[1.1650701017570355, 0.7553901320664708, 0.741553811373929, -0.6849375073992658, -0.4658323264635593], [0.08773397574739891, 0.6008913774468709, -0.5911547525171356, -0.4361030268749735, 0.5019206648540951]]"
Iteration 165,"[[1.1649441626357526, 0.7530079334904383, 0.7388911101899648, -0.6885110221986834, -0.47125703940085273], [0.08687373030522005, 0.6005105258721043, -0.5910982957071415, -0.43709537672910115, 0.5021079830040845]]"
Iteration 166,"[[1.1649003549855546, 0.7506569008244298, 0.736156990758861, -0.6920286857151299, -0.4765817928130044], [0.08593533168018785, 0.6001298215075962, -0.5910240891628467, -0.4381069372396131, 0.5022510213857607]]"
Iteration 167,"[[1.1648579122208391, 0.7483363083019823, 0.733513063173576, -0.6954303405995089, -0.48177315140013516], [0.08502778411431783, 0.5997449225568408, -0.5909522822432092, -0.4390851325045255, 0.5023950896943267]]"
Iteration 168,"[[1.1648478613340987, 0.7459817102931604, 0.7308715780584015, -0.6987852335249798, -0.4868606280697983], [0.08423438966419214, 0.5993417369584869, -0.5908675088356322, -0.44006063031615594, 0.5025236249316577]]"
Iteration 169,"[[1.1648277478089, 0.7435653512228911, 0.7282466909287065, -0.7020881324274588, -0.4918522936037672], [0.08347069368124246, 0.5989661808461594, -0.5907754419011637, -0.44104019296847724, 0.5026077492545594]]"
Iteration 170,"[[1.1648194959354727, 0.7411324261750353, 0.7256243531972698, -0.7052891627232901, -0.49681414385491696], [0.08266593740234943, 0.5986007445856579, -0.5906998593782552, -0.4420397275256068, 0.5026431853981268]]"
Iteration 171,"[[1.1648421038539087, 0.7386845687952867, 0.7229978648550814, -0.7084266272588773, -0.5016954916881666], [0.08180920433563715, 0.5982363966671943, -0.5905998987569012, -0.4430221880397457, 0.50267514784334]]"
Iteration 172,"[[1.1649741051122395, 0.7361498611070669, 0.7203816870417903, -0.7114829249678858, -0.5065702337479635], [0.08107167393203954, 0.597803765690986, -0.5904647415140682, -0.4439967214384782, 0.5027173266658982]]"
Iteration 173,"[[1.1651016828120326, 0.7336060196427799, 0.7178518018485062, -0.7144433659683513, -0.511371212193378], [0.08035834730260222, 0.597357770457886, -0.5903340676859898, -0.4449650576730677, 0.5027419921926495]]"
Iteration 174,"[[1.1652249913839066, 0.731054364409851, 0.7153263259490924, -0.7173161722789215, -0.5161807449205724], [0.07966843780807971, 0.59689054793493, -0.5901695273421456, -0.44593117201696947, 0.5027935437734854]]"
Iteration 175,"[[1.1653441890548746, 0.7285390099180586, 0.7128449153392704, -0.7200867192230419, -0.5209277588729038], [0.0790011837633699, 0.5964445085677526, -0.5899781741384149, -0.44689405889327766, 0.5028463654291593]]"
Iteration 176,"[[1.1654996540046685, 0.7260596405778957, 0.7103031626682642, -0.722823827075936, -0.5255476077327569], [0.07833448061483793, 0.5960161094594978, -0.5898141503947396, -0.4478289816943012, 0.5028780832565611]]"
Iteration 177,"[[1.1656641216223298, 0.7236145249364394, 0.7077666431500107, -0.7254657360478183, -0.5300770258762949], [0.0775604703932507, 0.5956032894762677, -0.5896735708855844, -0.44878836906695113, 0.5028567287547002]]"
Iteration 178,"[[1.165823092610559, 0.7212028196852494, 0.7052263333188291, -0.7280991974656489, -0.5344986936815642], [0.07681184999093454, 0.595201239871407, -0.5895528445460512, -0.44969364672302004, 0.5028334729587579]]"
Iteration 179,"[[1.1659550244455048, 0.7188236972704507, 0.7027452431902766, -0.7306611518996687, -0.5388071938822747], [0.07604272452415538, 0.5948051371185985, -0.5894548692679787, -0.45059308950917903, 0.5027835948861372]]"
Iteration 180,"[[1.1660927213898573, 0.7164249774246463, 0.700259197904579, -0.7331882715641758, -0.5430697282933543], [0.07536786161229289, 0.594409498722281, -0.5893687606164333, -0.45153335027481645, 0.5026726603824975]]"
Iteration 181,"[[1.166225826414306, 0.7140589514014569, 0.6978137128629349, -0.7356377615369146, -0.5472787683838642], [0.0747151664943019, 0.5940113659147784, -0.5892698233566376, -0.45248384169310035, 0.5025545016682215]]"
Iteration 182,"[[1.1663772694086325, 0.7117247959158424, 0.6953563161629553, -0.7380453603191767, -0.5513910449292132], [0.0740079528264802, 0.5936066838807906, -0.5891940165183945, -0.4533841082928838, 0.5024483786256487]]"
Iteration 183,"[[1.1664833557949754, 0.709421711557799, 0.692923794028257, -0.740415002651266, -0.5554098715273322], [0.07329200541224513, 0.593191528565478, -0.589127336943607, -0.45426389451695676, 0.502356650868009]]"
Iteration 184,"[[1.1666059659024273, 0.7070432939706234, 0.6905332149933441, -0.7427064865838237, -0.5593781104274271], [0.07261157302149407, 0.5927874519233293, -0.5890719556545567, -0.45511465905299237, 0.5022569513546193]]"
Iteration 185,"[[1.1666909012099547, 0.7046264478773441, 0.6881363235561994, -0.7449655403837053, -0.5633523449622717], [0.0719839618578639, 0.5924151411578696, -0.5890101621930312, -0.45599507796565153, 0.5021139475994932]]"
Iteration 186,"[[1.1668237823794787, 0.7021353683834768, 0.6857668067623383, -0.7471500922874993, -0.5672785122684355], [0.07137638707475584, 0.5920314791343063, -0.5889495606664414, -0.45684645646672595, 0.5019754352544525]]"
Iteration 187,"[[1.166952248778044, 0.6996339096262988, 0.6833572676823132, -0.7493446207150807, -0.5712084296106315], [0.07078878576590915, 0.5916386260614688, -0.5888376121084038, -0.4576980028151168, 0.5018495417837429]]"
Iteration 188,"[[1.1670616416091173, 0.6971233667053546, 0.6809984170267379, -0.7514667638309228, -0.5750930245923564], [0.07017100128042586, 0.5912287952904458, -0.5887448726398297, -0.45852145823212076, 0.5017386729281087]]"
Iteration 189,"[[1.1671954838310334, 0.6946309574604214, 0.6785972914683024, -0.753573032875761, -0.5789269815037299], [0.06965885773569333, 0.5908182569663494, -0.5885990106552209, -0.45935666205642645, 0.5016425364446575]]"
Iteration 190,"[[1.1674020038739041, 0.6921040939112628, 0.6761778594406835, -0.7555524914665445, -0.5827365507962212], [0.06910197962106282, 0.5904129295593418, -0.5884591877117494, -0.4601746978178896, 0.5015495073241499]]"
Iteration 191,"[[1.1676016722087634, 0.6896133563296991, 0.6737557677515487, -0.7575629161195997, -0.5864536359110769], [0.06856338097991901, 0.5900269140249362, -0.5882965635213535, -0.46100248164549157, 0.5014234983015069]]"
Iteration 192,"[[1.167794719048227, 0.6871578069230538, 0.6714135880493118, -0.7594763351779648, -0.5901284486019447], [0.06804246689698848, 0.5896553993407047, -0.5881393059631161, -0.46183619120759056, 0.5012766901864024]]"
Iteration 193,"[[1.1679813665205365, 0.6847365311726797, 0.6691060253761396, -0.7613668816697885, -0.5937235560192504], [0.06753866135028383, 0.5892937640540491, -0.5879883141385415, -0.46263645600016734, 0.5011317810110727]]"
Iteration 194,"[[1.1681501997515358, 0.6823206928747918, 0.6668288592862524, -0.7631932449602395, -0.5972499949705634], [0.06701473624657348, 0.5889564656357801, -0.5878445031165941, -0.46343846479029793, 0.5009666546646189]]"
Iteration 195,"[[1.1683047065601038, 0.6799382524653734, 0.6645515175808302, -0.7649821664542643, -0.6007267121382747], [0.06645405942003518, 0.5886196501255613, -0.5877152596816979, -0.464241616014229, 0.5007875338063471]]"
Iteration 196,"[[1.1684540932226066, 0.6775883424628046, 0.6623493230398929, -0.76667854308026, -0.6041720304268139], [0.06591181819809985, 0.5882792404604652, -0.5875902825794657, -0.46505189847673045, 0.5006004356058532]]"
Iteration 197,"[[1.1685985311610345, 0.6753159760935766, 0.6602197966441592, -0.7683189947845727, -0.6075036806230905], [0.06538741006084531, 0.5879500643374759, -0.5874694314248766, -0.4658354594234817, 0.5004195115823742]]"
Iteration 198,"[[1.1687384049641436, 0.6730404097936974, 0.6580688780806028, -0.7699459353488715, -0.6107674471674461], [0.06484468213034976, 0.5876273447512574, -0.587344729630226, -0.4665925694154731, 0.5002525425949785]]"
Iteration 199,"[[1.168841377543606, 0.6707942782575776, 0.6559689126211086, -0.7715192215691047, -0.6139657063578644], [0.0642843442560177, 0.5872924904802713, -0.5872462942373232, -0.4673247163427263, 0.500101997794822]]"
Iteration 200,"[[1.1689409698926667, 0.6685768440286812, 0.6538960538760041, -0.7730245984915212, -0.6171720484662631], [0.06374245559199233, 0.5869419196786834, -0.5871425722351198, -0.4680999269149424, 0.49992885546577737]]"
Iteration 201,"[[1.1690204492222762, 0.6663015667378333, 0.6518550612503711, -0.7744758288521769, -0.6203651336060301], [0.06320711751258865, 0.5866130606313074, -0.5870514152482917, -0.4688783248684017, 0.4997277183110672]]"
Iteration 202,"[[1.169115627033384, 0.6639669502720701, 0.6497411651744153, -0.775970315355374, -0.6235289623870747], [0.06266093704314032, 0.5862928484159472, -0.5869741402619749, -0.4696351091061862, 0.4995021645036213]]"
Iteration 203,"[[1.1692076298008975, 0.6616609679518082, 0.6476970274640168, -0.7774155248094443, -0.6266284285906626], [0.06213274467849972, 0.5860053965429652, -0.5868994731981123, -0.47036693334796126, 0.4992640827944116]]"
Iteration 204,"[[1.1692942582652517, 0.6593416747725245, 0.645643702702669, -0.7788311973131657, -0.6297415454537563], [0.061680386491390404, 0.5856909837512295, -0.5867741749561864, -0.4711139595713396, 0.4990614605106451]]"
Iteration 205,"[[1.1694217596481802, 0.6569038450943562, 0.6435570318636582, -0.7802390208597473, -0.6328358333747057], [0.06128959321265422, 0.585354264319194, -0.586668786992714, -0.47181181638454733, 0.4988731564206325]]"
Iteration 206,"[[1.169582845106726, 0.6543782399204311, 0.6414988601694491, -0.781600410348805, -0.6358687444747488], [0.061002834489590374, 0.5850185797598616, -0.5865725131775428, -0.4724866575442061, 0.49867662313820377]]"
Iteration 207,"[[1.169795516693028, 0.6517505905868965, 0.6394297373584185, -0.7829515040356164, -0.6388960497540475], [0.06090018510862739, 0.5846634205266127, -0.5864263908311464, -0.4731788243241847, 0.49848054462060193]]"
Iteration 208,"[[1.170001223315427, 0.6491628209471313, 0.6373847719244159, -0.7842712846715286, -0.641896752225791], [0.06080088941579803, 0.5843261718822654, -0.586305797614274, -0.4738582684339521, 0.4982599156760078]]"
Iteration 209,"[[1.1701746866803704, 0.6466120821868576, 0.6353439738140907, -0.785589428496142, -0.6448396795619634], [0.06066446147817311, 0.5839555579091076, -0.5862238912542193, -0.4745285130088628, 0.4980404543557866]]"
Iteration 210,"[[1.1703424281248958, 0.6441455157923848, 0.6333266424095196, -0.7869034671260504, -0.6476855039212902], [0.06053251004620554, 0.5835971778508314, -0.5861619957499665, -0.4751573608184887, 0.4978282354193269]]"
Iteration 211,"[[1.1705130347448287, 0.6417140880703438, 0.6312914301105401, -0.7882163093637228, -0.6504788069636067], [0.06033687259577703, 0.5832487565840113, -0.5860794090767625, -0.475781421958963, 0.4976197141953127]]"
Iteration 212,"[[1.1706780061018405, 0.6393113503936283, 0.6293280574220618, -0.7894858359243674, -0.6532214665573501], [0.06014766271388213, 0.5828598379433858, -0.5860375418698265, -0.4763848922643689, 0.49741759225940385]]"
Iteration 213,"[[1.1708375280924852, 0.6369328869534344, 0.627353379160496, -0.7907575488127919, -0.6559650554497245], [0.059964670344808985, 0.5824282633242637, -0.5860207860605364, -0.47703279262806497, 0.49717734190253315]]"
Iteration 214,"[[1.171005722879028, 0.634587585682186, 0.6253963129851072, -0.791997021079919, -0.6586548727653839], [0.059714566347001105, 0.5819973577474477, -0.5860036106322898, -0.4776864878393208, 0.4969223779278415]]"
Iteration 215,"[[1.1711683601382261, 0.6323065450943277, 0.6234745441665502, -0.7932383375722165, -0.6612559470372755], [0.05947268495255634, 0.5815352935275361, -0.5859934884128553, -0.47834040422836854, 0.49667582524287385]]"
Iteration 216,"[[1.1713060029666753, 0.6300389673819251, 0.6215587314286581, -0.7944788931937181, -0.6638130372694968], [0.05919385299973526, 0.5810261447582995, -0.5860479836579188, -0.4789588841251203, 0.4964453132974566]]"
Iteration 217,"[[1.1714390988305579, 0.6277810851410428, 0.6197235648372803, -0.7956470784885101, -0.6663651255306096], [0.058924198809236925, 0.5804681221672786, -0.5861390855732861, -0.4795898163967925, 0.49621106786124486]]"
Iteration 218,"[[1.1715872222768577, 0.6255293009707608, 0.6178748186724191, -0.7968170613219565, -0.6688751248305319], [0.05858564285205157, 0.5798595433330852, -0.5862690168809228, -0.48018881423313, 0.4959981451767795]]"
Iteration 219,"[[1.1717304519615817, 0.6232920179822142, 0.6161384600067326, -0.7979362806163041, -0.6713197073185941], [0.05825822981897057, 0.5791832061034958, -0.5864722555639253, -0.48079829906484595, 0.49576731615961533]]"
Iteration 220,"[[1.1719239609702674, 0.6208941485937365, 0.6144693390613555, -0.7990185813734786, -0.6737653198643051], [0.05795314690914998, 0.5784183642280294, -0.5867400455421554, -0.4813876774500589, 0.4955343192243551]]"
Iteration 221,"[[1.172135548326172, 0.6184667401061494, 0.6128112825622695, -0.8000713178950862, -0.6762127401802545], [0.05774625601992704, 0.5776244244530617, -0.5870026547403495, -0.4819824020424221, 0.4953061659262077]]"
Iteration 222,"[[1.172344880296104, 0.6159683734102883, 0.6111757831626535, -0.8010893311420848, -0.6786619574227668], [0.05757857126905964, 0.5768291966788974, -0.5872694705139256, -0.48255750738249603, 0.4950842413101978]]"
Iteration 223,"[[1.17258999038812, 0.613406013293735, 0.6095353411237238, -0.8020737649026672, -0.6811134884512362], [0.0574051650004295, 0.5760289948270076, -0.5875172166223511, -0.4831136403240092, 0.49487406011782253]]"
Iteration 224,"[[1.1728345994661966, 0.6107863530981975, 0.6079052110714788, -0.8030291140020079, -0.6836105493314724], [0.05730750492634503, 0.5752202808467478, -0.5877571364168405, -0.4836791620240896, 0.4946586893731177]]"
Iteration 225,"[[1.1731360809509548, 0.608206965768804, 0.606328804334626, -0.8039378713628808, -0.6860448487654003], [0.057283657319861216, 0.5743881559827361, -0.5879891449783159, -0.48425666194235556, 0.4944253140639224]]"
Iteration 226,"[[1.1734187564349323, 0.6056675925671142, 0.6047686220177411, -0.8048238883186224, -0.6884359983124001], [0.0572058953064474, 0.573598805491573, -0.5882230825378453, -0.484843068884388, 0.4941566751719927]]"
Iteration 227,"[[1.173688671397691, 0.6031194806363124, 0.6032162692742071, -0.8057216252646396, -0.6907888993758847], [0.05718918462765474, 0.5728431408985248, -0.5884463161177195, -0.485407478385997, 0.4938846371428369]]"
Iteration 228,"[[1.173949642567779, 0.6006109284460767, 0.6017150948452356, -0.8065897571349758, -0.6931049617154554], [0.05717297882668294, 0.5721199820294721, -0.5886621657128573, -0.48595327025606005, 0.49361214202842635]]"
Iteration 229,"[[1.174193176133071, 0.5980967829353608, 0.6002634164664928, -0.8074292585024694, -0.6953855486276571], [0.05721005208040436, 0.5714244696791676, -0.5888708679754816, -0.4864810572337473, 0.49334205039199835]]"
Iteration 230,"[[1.1744856489745998, 0.5956753040205405, 0.5988161732722952, -0.8082642658354721, -0.6976131376670107], [0.05724704912945823, 0.5707135351013953, -0.5890663833034827, -0.4870224972630718, 0.4930558390515883]]"
Iteration 231,"[[1.1747929423419663, 0.5932188541897356, 0.5973373743855918, -0.809071736444749, -0.6998495484450751], [0.05731850106221442, 0.5699953677149677, -0.5892256790774697, -0.487546072162337, 0.49280613818258684]]"
Iteration 232,"[[1.1750765791013027, 0.5907591530977262, 0.5959073606369998, -0.8098525779168956, -0.7020535127466451], [0.0574343478333245, 0.5693010993502471, -0.5893799234201904, -0.4880523901347388, 0.4925638536200815]]"
Iteration 233,"[[1.1753737746566066, 0.588269595909177, 0.5944814241391629, -0.8106488901951416, -0.704226247092417], [0.057635461343243446, 0.5685952833304311, -0.5895195945720902, -0.48854499376723365, 0.49233161644959894]]"
Iteration 234,"[[1.1756785813538173, 0.5857549978920962, 0.5931025335759996, -0.8113982428073079, -0.7063938480156016], [0.05791314490040391, 0.5678782997006856, -0.5896546461537409, -0.48905244824809974, 0.4920867805366374]]"
Iteration 235,"[[1.175953746085558, 0.5832858773250236, 0.591769137722637, -0.8121228838417834, -0.7084899235865856], [0.05822198719720645, 0.5671923921772335, -0.5897852290743829, -0.48954316368289835, 0.4918500231499141]]"
Iteration 236,"[[1.1761829943264526, 0.5807946356365411, 0.5903842467583434, -0.8128650229747112, -0.7105585964072003], [0.05851503170444344, 0.5664945834771516, -0.589934173766058, -0.49002356735112274, 0.4916289015390352]]"
Iteration 237,"[[1.176404665182102, 0.5783428968854267, 0.5890450466500192, -0.813587413815612, -0.7125995905150972], [0.058798381962979145, 0.5658009636136838, -0.5900782015832949, -0.4905165836128896, 0.4913976787981199]]"
Iteration 238,"[[1.176625996476767, 0.5758725404335064, 0.5877500309602397, -0.8142859806986896, -0.7146152202438191], [0.05914346412775805, 0.5650919527722367, -0.5902174753384353, -0.49099333706500037, 0.49118771604726874]]"
Iteration 239,"[[1.1768400199292282, 0.5734414402099252, 0.5864977427733276, -0.8149379094041019, -0.7166340523606345], [0.05947713734711089, 0.5643800411969235, -0.5903521527748793, -0.4914857304695974, 0.4909759673087671]]"
Iteration 240,"[[1.1770315721384248, 0.5709605506605335, 0.5851976465828042, -0.8156099936237259, -0.718628514398931], [0.05982985796541804, 0.5636604949874991, -0.5904658869327342, -0.49197073840408023, 0.4907906894759634]]"
Iteration 241,"[[1.177216801899853, 0.5685615140976172, 0.5839404502404452, -0.8162599155404051, -0.720557159241302], [0.0601709229169381, 0.5629646899777774, -0.5905758676289924, -0.4924397486837956, 0.4906115258244431]]"
Iteration 242,"[[1.1773959182978921, 0.5661997941604692, 0.5827247384686187, -0.8168884047621543, -0.7224645458646431], [0.06050071751131424, 0.562258046367025, -0.5906822187327644, -0.49289328848983643, 0.4904607430327593]]"
Iteration 243,"[[1.1775880522924835, 0.5637097311076543, 0.5815065044211073, -0.8175114875841313, -0.7244216227503338], [0.060969257076947656, 0.5615288814046566, -0.5907657087327088, -0.49337520529096796, 0.49028783729231684]]"
Iteration 244,"[[1.17777384648852, 0.5612157793014347, 0.5803284714642246, -0.8181140279673224, -0.7263969682584422], [0.06142232019401565, 0.5608100610874801, -0.5908464434110617, -0.4938412278730463, 0.4901247665879162]]"
Iteration 245,"[[1.1779823914115957, 0.5586938373829088, 0.5790938152217573, -0.8187358753227215, -0.7283473092463942], [0.061870770929658134, 0.5601111505629616, -0.5909475668904058, -0.4942638548682845, 0.48994566503916226]]"
Iteration 246,"[[1.1781552141902367, 0.5562234580188686, 0.5778999009019186, -0.819337209077356, -0.7302332890184489], [0.0623322229349497, 0.5594497531438849, -0.5910453570344757, -0.49467253895507113, 0.4897724740328279]]"
Iteration 247,"[[1.1783257625027839, 0.5536805848223458, 0.5767031096017521, -0.8198999522205882, -0.7321627129408239], [0.06290945947022777, 0.5588017861301479, -0.5911173213196075, -0.49511706057492644, 0.4895638966190926]]"
Iteration 248,"[[1.1784908854399825, 0.5511774983029409, 0.5755458123370936, -0.8204441404908656, -0.734068970142367], [0.06346763689255033, 0.5581912307024559, -0.5911869315667357, -0.4955469213398101, 0.48934652441182197]]"
Iteration 249,"[[1.1786506652563218, 0.5487130949195865, 0.5743813386545336, -0.8210097848997049, -0.735952971769702], [0.06400738408614197, 0.5576129744556315, -0.591277660012791, -0.49593732893025766, 0.4891235375703759]]"
Iteration 250,"[[1.1788282086811497, 0.5462273781651487, 0.5732020566139133, -0.8215567683903703, -0.7378156003502119], [0.0645234021356424, 0.5570421400203438, -0.5913583448473039, -0.4963148347869176, 0.4888980103861494]]"
Iteration 251,"[[1.1789868109597144, 0.5437797515467603, 0.5720197892071484, -0.8220957105400128, -0.7396525446377512], [0.06506937125874512, 0.5564895019661483, -0.5914105990114168, -0.496729578130404, 0.48865446277221214]]"
Iteration 252,"[[1.179140235996228, 0.5413694131835348, 0.5708765366028045, -0.8226168786342651, -0.741469811499025], [0.06559731288056611, 0.5559597430569263, -0.5914611434510486, -0.4971306465042406, 0.48841196219536703]]"
Iteration 253,"[[1.1792902348993197, 0.5389397728818236, 0.5697710112683877, -0.8231208580344638, -0.7432682006559401], [0.06617451880212391, 0.5554322979464468, -0.5915100221647102, -0.4975184862759219, 0.4881734024193379]]"
Iteration 254,"[[1.1794518143763626, 0.5364800378941512, 0.5686154043050451, -0.823655231462848, -0.7450870610658433], [0.06681888898502472, 0.5548880442556602, -0.5915484082594632, -0.49792396486635104, 0.48791610469091096]]"
Iteration 255,"[[1.1795963659596558, 0.5340292751032287, 0.5674412859243843, -0.8241719795220542, -0.7468872923894312], [0.06738055235458332, 0.5543731711001487, -0.5915752262296611, -0.4983160675424389, 0.48766909616478626]]"
Iteration 256,"[[1.179718038552673, 0.5315757564798648, 0.5663059122172459, -0.8246710138345248, -0.7486725287771883], [0.06796461860411182, 0.553867690819467, -0.591601159345746, -0.4987247229363446, 0.48740654296160796]]"
Iteration 257,"[[1.1798438654356036, 0.5290862474112898, 0.5652080047573954, -0.8251151578038713, -0.7504401639782247], [0.06866944425344548, 0.553339019763336, -0.5916262368044652, -0.4991523546469051, 0.4871272440126657]]"
Iteration 258,"[[1.1799655398498103, 0.5266364929619409, 0.564060511496173, -0.8256277643718501, -0.7521911049620774], [0.06935100371980085, 0.5528134772648811, -0.5916351781248623, -0.4995702037567541, 0.48686479811261935]]"
Iteration 259,"[[1.1800831985071107, 0.5242253755021848, 0.5629508830378421, -0.8261234664422158, -0.7539260475719464], [0.0700100648971908, 0.5522872227455284, -0.5916438245512566, -0.49997426987880306, 0.4866216445302298]]"
Iteration 260,"[[1.1802293818641492, 0.521791154495845, 0.5618177965589046, -0.826565609962941, -0.7556817767558343], [0.07063493999413137, 0.5517327085319379, -0.5916385861934942, -0.5003381820844961, 0.48643172211126123]]"
Iteration 261,"[[1.1803625383198022, 0.5193460120175946, 0.5607220981739766, -0.8269931710438051, -0.7574217609202899], [0.0712936186912862, 0.5511622761305573, -0.5916335209357699, -0.5006900896099004, 0.48626482812870614]]"
Iteration 262,"[[1.1804909161582104, 0.5169400073235528, 0.5596625543063345, -0.8274066292474879, -0.7591466616480514], [0.07193055091785638, 0.5505811136903718, -0.5916285895555127, -0.5010303785401002, 0.48612324128554474]]"
Iteration 263,"[[1.180592401055874, 0.5145751124669857, 0.5585937047203698, -0.8278431363861521, -0.7608200460651732], [0.07258118081451527, 0.5500255458637333, -0.5916374211338364, -0.5013723940641537, 0.4859575660975205]]"
Iteration 264,"[[1.180692133402642, 0.5121894133236367, 0.5575601256252568, -0.8282652441842512, -0.7624806330265572], [0.0732786933145633, 0.5494351221146939, -0.5916459600934127, -0.5017031274751969, 0.4858201441791103]]"
Iteration 265,"[[1.180788593553163, 0.5098413182852103, 0.5565198641628502, -0.8286734273165912, -0.7641716691470164], [0.07395318221358962, 0.5488276344524224, -0.5916189414957775, -0.5020229502769409, 0.4857450823356791]]"
Iteration 266,"[[1.1808802416597994, 0.5074179977434338, 0.5555139260452375, -0.8290681448212432, -0.7658497418680319], [0.07473612663111176, 0.5481627435275335, -0.5915928098799709, -0.5023322221488362, 0.48570156969609146]]"
Iteration 267,"[[1.180968886999306, 0.5050301094784931, 0.5545411791247243, -0.8294096487479494, -0.7675526691980742], [0.07549322882630466, 0.5475517419269921, -0.5915675314536428, -0.5026044392269612, 0.4856636470905563]]"
Iteration 268,"[[1.1810514525065319, 0.5026666600640637, 0.5535566031531564, -0.82978010880904, -0.7691994217311982], [0.0762877365625965, 0.5469441500020833, -0.5915534151443325, -0.5028537318657605, 0.485626973255661]]"
Iteration 269,"[[1.1810947928948508, 0.5002686600374243, 0.5526451536775902, -0.8301383442246202, -0.7708322352905923], [0.07707030063145523, 0.5463619854595274, -0.591574973229464, -0.5030947986547525, 0.48556639398050055]]"
Iteration 270,"[[1.1811431948641034, 0.4978435924585779, 0.5517637818084127, -0.8304847581179867, -0.7724516944363351], [0.07790313456943902, 0.5457952351391587, -0.5915957954542986, -0.503327910523735, 0.4854856350514282]]"
Iteration 271,"[[1.181163283196892, 0.49538299996475055, 0.5509490611081432, -0.830813331493959, -0.7740661955285688], [0.07873667584429901, 0.5452336333873085, -0.5916512758602144, -0.5035831146332812, 0.4853590968242927]]"
Iteration 272,"[[1.1811827397627233, 0.49296033462039546, 0.5501612248681012, -0.8311310615560099, -0.7756681468646804], [0.07954270728527521, 0.5447071912543887, -0.5917048672840514, -0.5038298964752542, 0.4852204507987056]]"
Iteration 273,"[[1.1811767077767534, 0.4904792962801807, 0.5493553201715371, -0.8314787303384891, -0.7772581137706644], [0.08042052509991375, 0.5441967104737121, -0.5917636916883124, -0.5040574933465898, 0.48507308633396745]]"
Iteration 274,"[[1.1811726602360035, 0.48798924682488465, 0.5486103300554406, -0.8318149260013262, -0.7787956113970098], [0.0813393142500346, 0.5436349465766183, -0.5918560144509897, -0.504277581561681, 0.4849305858292922]]"
Iteration 275,"[[1.1811686350624182, 0.48553871447058844, 0.5478899205685377, -0.832140026388181, -0.7803233975702795], [0.08222778284915566, 0.5431010010627652, -0.5919452587225531, -0.5044904067978233, 0.48478248229557214]]"
Iteration 276,"[[1.181164565071428, 0.48309931382598104, 0.5472244929459639, -0.8324543990382134, -0.781841945673277], [0.08308693139052137, 0.5425467459002905, -0.5920671295137939, -0.5046962091478353, 0.4846319743644415]]"
Iteration 277,"[[1.1811604375413773, 0.48069829760023974, 0.5465810164717513, -0.8327490987613644, -0.7833622160183868], [0.08391772737436115, 0.5420125804367177, -0.5921849588705917, -0.5049251454085638, 0.48445288579559836]]"
Iteration 278,"[[1.1811604640226083, 0.4782156662157174, 0.5459587683232691, -0.8330340775519457, -0.7848737509140007], [0.08486447297149989, 0.5414417684371122, -0.5922990873768962, -0.5051465292115485, 0.4842784416151184]]"
Iteration 279,"[[1.1811482620513845, 0.47570205176302816, 0.5453851278718702, -0.8333096536418662, -0.7863769915670378], [0.08583006280941034, 0.5408316897835389, -0.5924451726845406, -0.5053606082523839, 0.4841115393683999]]"
Iteration 280,"[[1.1811150087554119, 0.4731888841462683, 0.5447860659626286, -0.83361674922341, -0.7878723659761573], [0.08679964643461507, 0.5402342432846311, -0.5925899182102456, -0.5055595073852103, 0.48395500374260886]]"
Iteration 281,"[[1.1810828484166584, 0.4707175288626657, 0.5442067614930278, -0.8339137108447792, -0.7893602872448797], [0.08773723368810343, 0.5396435870772531, -0.5927298845294475, -0.5057518429474518, 0.4838115834942837]]"
Iteration 282,"[[1.1810230545655136, 0.468233508727869, 0.5436465635471367, -0.834188656107771, -0.790812410196839], [0.08873812364535763, 0.5390569864861592, -0.592865219941469, -0.505967902775136, 0.48364347843805905]]"
Iteration 283,"[[1.1809652169466636, 0.4657722971667926, 0.5431296302513661, -0.8344545297069998, -0.7922586152291688], [0.08970598422495496, 0.538430351090037, -0.5930318645306274, -0.5061768333468977, 0.48349190236523704]]"
Iteration 284,"[[1.180901959482469, 0.4632987788181905, 0.542629739627862, -0.8347116308738496, -0.793699248559304], [0.09070015669296538, 0.537786979540905, -0.593192964174892, -0.5063788696041035, 0.4833594293518813]]"
Iteration 285,"[[1.180840767204695, 0.4608665195490712, 0.5421463306662178, -0.8349602489838385, -0.7951346435542687], [0.0916615214446258, 0.5371410261928892, -0.5933486700507604, -0.5065742386285403, 0.48324856619345674]]"
Iteration 286,"[[1.1807400882681773, 0.45842867481882443, 0.5417391554910401, -0.8351854412617419, -0.7965812709816784], [0.09272022877331787, 0.5364827886832534, -0.5935123038487555, -0.5067933290909056, 0.48313210716385696]]"
Iteration 287,"[[1.180600934602856, 0.45593321564378797, 0.5413671070111399, -0.8354032058736314, -0.798022719435075], [0.09381760796561317, 0.5357716183348314, -0.5937061773808421, -0.5070051894348208, 0.483042956305262]]"
Iteration 288,"[[1.1804665150984914, 0.4534804508476791, 0.5409628400979601, -0.8356546511122152, -0.7994593038591912], [0.09487877200879247, 0.5350493156267832, -0.593894240613995, -0.5072049564556314, 0.48298340666841505]]"
Iteration 289,"[[1.1803112461211172, 0.45103041975269476, 0.5405718934644312, -0.8358977999177665, -0.8008913270252374], [0.09593457886470325, 0.5343173289716772, -0.5940760735276026, -0.5073981313842635, 0.48295567754887386]]"
Iteration 290,"[[1.1801314010833566, 0.44854964833473543, 0.540250669930401, -0.8361147361940314, -0.8022951682062196], [0.09716280355436238, 0.5335627890638929, -0.5942617473122633, -0.5076152531229521, 0.4828990069348995]]"
Iteration 291,"[[1.179957487361256, 0.44614142377691635, 0.5399585065362751, -0.8363245173481372, -0.8036526879212937], [0.09835049425140771, 0.5327912497190755, -0.5944771973516703, -0.5078252113319899, 0.4828442055691018]]"
Iteration 292,"[[1.1797825103678141, 0.44375844429304434, 0.5396759564664145, -0.8365273792006165, -0.8049654143023639], [0.09955962105920496, 0.5320234812657738, -0.5946855446680095, -0.5080282432820751, 0.48279121239056444]]"
Iteration 293,"[[1.1795769428204832, 0.4414108399795278, 0.5394561328721731, -0.8367023133898489, -0.8062568838754354], [0.1008425663061445, 0.5312779998344187, -0.5948934884553287, -0.5082549957234852, 0.48271022627003524]]"
Iteration 294,"[[1.1793781565737698, 0.4391406795423986, 0.5392435373019148, -0.8368714818287668, -0.807505735863786], [0.10208317068950964, 0.5305571118681705, -0.5950945619471911, -0.5084742687768709, 0.4826319122973733]]"
Iteration 295,"[[1.179150024171597, 0.43681171507896077, 0.5390379327848023, -0.837010771751952, -0.8087782640136106], [0.10336640230248262, 0.5298794789986228, -0.5952888585330601, -0.5087168210442917, 0.4824974733627275]]"
Iteration 296,"[[1.1789023007660466, 0.43443069827464226, 0.5388890416912677, -0.8371865641870223, -0.8100487834861391], [0.10472490615502356, 0.5292009577847128, -0.5954800424963279, -0.5089790725103013, 0.48234138034972857]]"
Iteration 297,"[[1.1786627458813912, 0.43208126974337935, 0.5387604762458532, -0.8373292041050938, -0.8113454195696954], [0.10603857396776499, 0.528528504881873, -0.595700870224697, -0.509263390067191, 0.4821378172364024]]"
Iteration 298,"[[1.1784311040176538, 0.4297673968978639, 0.5386361233324702, -0.8374671553330433, -0.8126395238964939], [0.10730888461588406, 0.5278999293086829, -0.5959144203256554, -0.5095383359504777, 0.48192088699463453]]"
Iteration 299,"[[1.1781961405346866, 0.4274367679598109, 0.5385158461108973, -0.8375701012504995, -0.8139621762959128], [0.10859190117881234, 0.527292097358498, -0.5961209270164143, -0.509835026815603, 0.4816646005662127]]"
Iteration 300,"[[1.1779265524559246, 0.42504936092446594, 0.5384460709496323, -0.8376360747073918, -0.8153155322212398], [0.10998595837690517, 0.5267013038849437, -0.5963204819479511, -0.510152841030972, 0.48137335923190405]]"
Iteration 301,"[[1.1777082459806443, 0.42269940629798697, 0.5383890976917631, -0.8376631558651814, -0.8167016846559969], [0.11135642721696068, 0.5261404860088587, -0.5964808474746068, -0.5104911764676087, 0.4810514181868452]]"
Iteration 302,"[[1.1774709043766227, 0.4202854400215675, 0.5383339888017391, -0.8376494704305272, -0.8181226639682182], [0.11278463081850831, 0.5255727708397938, -0.596635922045553, -0.5108494498034974, 0.4807028915306177]]"
Iteration 303,"[[1.1772413975310818, 0.4179102087033343, 0.5382806838443269, -0.8376362970768199, -0.8195378012935631], [0.1141656981368809, 0.5250268520027734, -0.5967858800451274, -0.5111959326970282, 0.48036092160410054]]"
Iteration 304,"[[1.176997048965614, 0.4155277071830402, 0.5382721329886686, -0.8376236141620381, -0.8209474503148029], [0.11560441617489575, 0.5244915026494988, -0.5969275720826558, -0.5115310123573131, 0.48002838547567744]]"
Iteration 305,"[[1.1767607668188946, 0.413183626363708, 0.5382761778802739, -0.8376114011436064, -0.8223519512732702], [0.11699565009953666, 0.5239280062924461, -0.5971003731610761, -0.5118550632244796, 0.4797080830357768]]"
Iteration 306,"[[1.1765170971472763, 0.410795203830473, 0.538321760611527, -0.837599638510485, -0.8237516313154215], [0.11838954014519107, 0.523315959862188, -0.597300139667737, -0.5121684474874271, 0.47940273979091363]]"
Iteration 307,"[[1.17626468447159, 0.4083366055514608, 0.5383658123974532, -0.8375883077200468, -0.8251468048640178], [0.1198604145486955, 0.5226614769885742, -0.597493315649184, -0.5124715155031687, 0.47911500951786484]]"
Iteration 308,"[[1.176022288149269, 0.4059194613859007, 0.5384480303566181, -0.837577391138715, -0.8265377740006048], [0.12134186798171151, 0.5220135364303212, -0.5976734181854094, -0.5127646061502044, 0.47884747679417267]]"
Iteration 309,"[[1.1757417463292725, 0.4035191875977113, 0.5385275125296706, -0.8375668719872922, -0.827924828878471], [0.12276449493778532, 0.5214017753434698, -0.5978475791270065, -0.5130480472101299, 0.4786026594463421]]"
Iteration 310,"[[1.1754704686207065, 0.40109161143021616, 0.5386429561524521, -0.8375567342901684, -0.8293505317036156], [0.12414016325297139, 0.5207175719911494, -0.5980487089265151, -0.5133221557381441, 0.4784033227121282]]"
Iteration 311,"[[1.1751666881580423, 0.39867798340922167, 0.5387545613748776, -0.8375469628279302, -0.8307716186295735], [0.12546942111949613, 0.520052268691207, -0.5982432039118682, -0.513587238399532, 0.4782341162972778]]"
Iteration 312,"[[1.1748361278371886, 0.3962741793571518, 0.5388624566002471, -0.83753754309342, -0.8321883859305097], [0.12676264638523702, 0.5193942200757914, -0.5984312830737735, -0.5138435918099855, 0.4780973056432201]]"
Iteration 313,"[[1.1744390654484653, 0.39379478393130385, 0.5390029974576735, -0.8375284612508971, -0.8336011184902107], [0.12814332789821742, 0.5187320628646952, -0.5986031603786696, -0.5140915028689491, 0.477995100489586]]"
Iteration 314,"[[1.1740071764069024, 0.39116414784501985, 0.5391743827440426, -0.8375197040979421, -0.8349672367828717], [0.12969897110878173, 0.5179578400637288, -0.5988021236455757, -0.5143312490747536, 0.47789626732159646]]"
Iteration 315,"[[1.1735895684314963, 0.38862031206554715, 0.5393400822871898, -0.8375112590299914, -0.8362882783137389], [0.13120325515024994, 0.5172091639210727, -0.5989945239954463, -0.5145630988308602, 0.4778006949737556]]"
Iteration 316,"[[1.1731606017081184, 0.3861604141197331, 0.5395592122949565, -0.8375031140073396, -0.8375657299593979], [0.1327389892567483, 0.5164851918687127, -0.5991900061273503, -0.5147873117508726, 0.47770827593354726]]"
Iteration 317,"[[1.1727458234253703, 0.3837816856154894, 0.5397710802728404, -0.8374952575242461, -0.8388010296215026], [0.13422401404360665, 0.51578510905439, -0.599379040431739, -0.5150041389395223, 0.47761890622151815]]"
Iteration 318,"[[1.1723544382229372, 0.38148788246303916, 0.5400182886680024, -0.83748767858016, -0.8399955678290822], [0.1357105144777396, 0.5150677082003108, -0.5995845504775281, -0.5152138232716746, 0.47753248527767894]]"
Iteration 319,"[[1.171955054042747, 0.37925028564279273, 0.5403452873845019, -0.8374803666528109, -0.841150689290017], [0.13722542325581244, 0.514330045290127, -0.5998222037687265, -0.5154165996596171, 0.4774489158501706]]"
Iteration 320,"[[1.1715592628217062, 0.37703193750388964, 0.5406614478270932, -0.8374733116730634, -0.842267694393369], [0.13875340039147033, 0.5135865256158826, -0.6000520186281224, -0.5156126953129595, 0.4773681038877842]]"
Iteration 321,"[[1.171162644492292, 0.37483565645232586, 0.5409671299648366, -0.8374665040013951, -0.8433478406637639], [0.14028499950320839, 0.5128446342977151, -0.6002742539338224, -0.5158023299905133, 0.47728995843593286]]"
Iteration 322,"[[1.1707609611393357, 0.37266419337216217, 0.5412626818104845, -0.8374599344058626, -0.8443923441688033], [0.14181115658022575, 0.5121116592508125, -0.6004891599756453, -0.5159857162436522, 0.47721439153563455]]"
Iteration 323,"[[1.1703335260970478, 0.3705202359085995, 0.5416003837938664, -0.8374535940413648, -0.8454023808789793], [0.14339648013853348, 0.5113946986907338, -0.6006997646700406, -0.5161630596434428, 0.47714131812245697]]"
Iteration 324,"[[1.1698936069481853, 0.3683309388439207, 0.5419269003403702, -0.83748879787486, -0.8464188405649593], [0.14495681151719952, 0.5106909250560853, -0.6009034240205385, -0.5163598963230862, 0.4770404522179107]]"
Iteration 325,"[[1.169481922658815, 0.3661576386408426, 0.5423011056911191, -0.8375228500514365, -0.8474416506320741], [0.1465125929706398, 0.5099970140963945, -0.6011165407989973, -0.5165502447562961, 0.4769157812648648]]"
Iteration 326,"[[1.1690622718492798, 0.3639596250551781, 0.5427112954383545, -0.8375557878167827, -0.8484707479005857], [0.14815263519423336, 0.5093185785501683, -0.6013221396809847, -0.516734318554919, 0.4767711782397976]]"
Iteration 327,"[[1.1686256861090083, 0.36175626141490635, 0.5431536548712259, -0.8375462742320798, -0.8495060768731887], [0.1497567167764579, 0.5086921887471754, -0.6015214209414081, -0.5169169471812473, 0.47661040574484415]]"
Iteration 328,"[[1.1681901987540382, 0.3595329179853779, 0.5435813723572014, -0.8375370868660705, -0.850547588222217], [0.15136478881653706, 0.5080790557645629, -0.6017141312564525, -0.5170935580950816, 0.47643711992884674]]"
Iteration 329,"[[1.167751551932329, 0.35725757199624175, 0.543994932933384, -0.8375665243167804, -0.8515952374796895], [0.15296782793630562, 0.5074424920563462, -0.6019004876688754, -0.5172927407161152, 0.47625487425202234]]"
Iteration 330,"[[1.1672927594870848, 0.3549833540207706, 0.5443948055976443, -0.8375950008195838, -0.8526489839135709], [0.15452708580140695, 0.5068528411659549, -0.6020806999977709, -0.5174853581906935, 0.47606712311363947]]"
Iteration 331,"[[1.1668193552064519, 0.35265958664433167, 0.5448263841295163, -0.8376225472945272, -0.8537497817778184], [0.1561391466787379, 0.5062834309600693, -0.602251248546061, -0.5176716266353789, 0.47587207925076985]]"
Iteration 332,"[[1.166361688575372, 0.35037313495710953, 0.5452436826904759, -0.8376491937039059, -0.8548554149505427], [0.15769786489130355, 0.5057335795941379, -0.6024161748297983, -0.517851755070226, 0.47568153987954936]]"
Iteration 333,"[[1.1659367390598105, 0.348113185527869, 0.5456990759507798, -0.8376749690786566, -0.8559658877415747], [0.15924840296745774, 0.5051557129988878, -0.6025885680007889, -0.5180259456524875, 0.47549859013044965]]"
Iteration 334,"[[1.1654870895312912, 0.34575547367762977, 0.5461394005405266, -0.8376999015443213, -0.8571228529943679], [0.1608382517004487, 0.5045455805653158, -0.6027552787192132, -0.5181943938988216, 0.4753340602508278]]"
Iteration 335,"[[1.1650138921359376, 0.34340592498114597, 0.5465651554235916, -0.8377240183465763, -0.8582834502257753], [0.1623754823456635, 0.5039629228810588, -0.6029164946211026, -0.5183572889030065, 0.47518607956269066]]"
Iteration 336,"[[1.1645354807504216, 0.3410076913258926, 0.547018241909051, -0.8377473458763092, -0.8594898463300762], [0.16397433633413921, 0.5033382478966719, -0.6030654381185087, -0.5185148135480467, 0.4750751782001386]]"
Iteration 337,"[[1.1640477187684326, 0.33858594434682665, 0.5475567896743863, -0.8377699096941894, -0.8607411463777798], [0.165599484378173, 0.5026356869536098, -0.6032448867312692, -0.5186671447065256, 0.4750135428821498]]"
Iteration 338,"[[1.163546574077708, 0.3361677966864522, 0.5480775154852484, -0.8377917345547348, -0.8619937414046501], [0.1671917504140787, 0.5019272365542937, -0.6034184216106937, -0.5188144534351788, 0.47498182386852356]]"
Iteration 339,"[[1.1630290044763696, 0.33369219879685896, 0.5485810093019122, -0.8378128444299406, -0.8632477390239333], [0.16883698217687504, 0.5011570312193219, -0.6035862381921812, -0.5189569051715017, 0.4749824474212397]]"
Iteration 340,"[[1.1625286890620212, 0.3312982862784858, 0.5490678416131978, -0.8378332625322913, -0.8644603778232087], [0.1704275416482258, 0.5004122401416713, -0.603748525366122, -0.5190946599118524, 0.47498304720940343]]"
Iteration 341,"[[1.1620241623429035, 0.3289833651592726, 0.549676473056508, -0.8378116533913952, -0.8656330198157911], [0.17209835398224688, 0.499692025079406, -0.6038951863200234, -0.519235439989615, 0.47498362448713644]]"
Iteration 342,"[[1.1614953679091324, 0.32665135106392557, 0.5502649720228664, -0.8377907651145327, -0.8667669824409544], [0.1738013263500283, 0.49895951823682794, -0.6040370158052599, -0.5193715805216977, 0.47498418038720996]]"
Iteration 343,"[[1.1609719583802376, 0.32434794054989885, 0.5509275490866912, -0.837770573358228, -0.8678635399908472], [0.17549957131338503, 0.4981343243775201, -0.6042494096309645, -0.5195032342046179, 0.4749847159449006]]"
Iteration 344,"[[1.160466004276575, 0.32212050291750377, 0.5515681856987201, -0.8377510546233325, -0.8689239249859086], [0.1771411943857581, 0.49733635132749326, -0.6044548056010328, -0.5196305487247467, 0.4749852321104588]]"
Iteration 345,"[[1.1599400194228098, 0.31991959857023006, 0.5522380840436238, -0.8377321862240242, -0.8699493295129724], [0.1788452877930602, 0.4965445534128708, -0.6046527136828238, -0.5197536669234355, 0.47498572976117237]]"
Iteration 346,"[[1.1594315465416203, 0.3177912937985471, 0.5528858016170707, -0.8377139462580534, -0.870940906524271], [0.18049243926962788, 0.49577887650121005, -0.6048441030013366, -0.5198727269490121, 0.47498620970899724]]"
Iteration 347,"[[1.1588545434775834, 0.3156130639170096, 0.5535120725822438, -0.8376963135782427, -0.8718997711015957], [0.18215594477999414, 0.4950325639877799, -0.6050291894521327, -0.5199878624137628, 0.47498667270961537]]"
Iteration 348,"[[1.1583007702806767, 0.313506702844894, 0.5541516463046171, -0.8376792677650999, -0.8728270016805268], [0.18381782525647256, 0.49431087612529095, -0.6051946175843387, -0.5200992025378995, 0.4749871194678774]]"
Iteration 349,"[[1.1577653033184554, 0.31145145038310273, 0.5548073455727981, -0.8376627891004952, -0.8737236412387449], [0.18542392304065317, 0.4935673244731788, -0.6053841902369246, -0.5202068722968536, 0.47498755064361]]"
Iteration 350,"[[1.1572112770208172, 0.30941999284597027, 0.5555351710372338, -0.8376056466110094, -0.8745906984492113], [0.18707995714986567, 0.49283520546076837, -0.6055577536198398, -0.5203215218534759, 0.47498796685655587]]"
Iteration 351,"[[1.1566561592477616, 0.307407687602334, 0.5562388995599509, -0.8375503976233568, -0.875429148799169], [0.1887290936845668, 0.49210304090073637, -0.6057256042252643, -0.5204323944131873, 0.47498836869166894]]"
Iteration 352,"[[1.156068065661182, 0.3053764376886383, 0.5569193284246085, -0.8374969791105246, -0.876239935672085], [0.19038557480888413, 0.4913758869308986, -0.6058879315070158, -0.5205396142131073, 0.4749887567029127]]"
Iteration 353,"[[1.1554991590247703, 0.30341220644164746, 0.5575772287116927, -0.8374453301637772, -0.877023971394731], [0.1919861081362464, 0.4906727252992079, -0.6060449185192384, -0.5206433014145432, 0.4749891314149708]]"
Iteration 354,"[[1.1549487132652085, 0.30151278425269906, 0.5582133461413366, -0.837395391919981, -0.8777821382534099], [0.1935325671645494, 0.4899927648276403, -0.6061967421759845, -0.5207435722384642, 0.4749894933265531]]"
Iteration 355,"[[1.1543515787728753, 0.29963907921558564, 0.558949716977537, -0.8373471074915106, -0.8785152894761702], [0.19518080667443397, 0.48929825766652646, -0.6063716246480716, -0.5208405390920797, 0.47498984291193247]]"

Centroids
Iteration 1,"[[1.3358333333333354, 0.9593750000000009, 1.0516181229773471, -0.5577497665732964, -0.21307803468208095], [0.3545833333333345, 0.5163461538461551, -0.5676375404530744, -0.3838468720821659, 0.5441473988439307]]"
Iteration 2,"[[1.3358333333333354, 0.9593750000000009, 1.0503225806451622, -0.5597572362278248, -0.21121562952243117], [0.3545833333333345, 0.5163461538461551, -0.5669354838709677, -0.38295985060690907, 0.5440665701881332]]"
Iteration 3,"[[1.3358333333333354, 0.9578947368421062, 1.047596153846155, -0.5633769878391022, -0.21028985507246373], [0.3545833333333345, 0.517703349282298, -0.5674679487179487, -0.38194574368568723, 0.5428985507246377]]"
Iteration 4,"[[1.3361344537815145, 0.9582938388625603, 1.0447452229299374, -0.5662921348314608, -0.2099563953488372], [0.3500000000000012, 0.5194312796208544, -0.5697452229299361, -0.3800561797752806, 0.5429505813953489]]"
Iteration 5,"[[1.3361344537815145, 0.9558685446009402, 1.042088607594938, -0.5685272045028145, -0.21260932944606414], [0.3500000000000012, 0.5190140845070437, -0.5696202531645568, -0.3797373358348965, 0.5431486880466473]]"
Iteration 6,"[[1.3341666666666687, 0.9539906103286397, 1.0406940063091497, -0.5696813495782569, -0.21281112737920932], [0.34666666666666784, 0.5213615023474193, -0.570347003154574, -0.3781162136832237, 0.5440702781844803]]"
Iteration 7,"[[1.3326446280991755, 0.9516431924882642, 1.0380877742946721, -0.5734272300469484, -0.21173020527859235], [0.3454545454545467, 0.523708920187795, -0.5697492163009402, -0.377370892018779, 0.5429618768328447]]"
Iteration 8,"[[1.3326446280991755, 0.9500000000000014, 1.0367187500000015, -0.5758928571428571, -0.21079295154185018], [0.3454545454545467, 0.5257009345794408, -0.5701562499999999, -0.37655075187969894, 0.5415565345080765]]"
Iteration 9,"[[1.3307377049180344, 0.9472093023255829, 1.035358255451715, -0.5774436090225563, -0.2123156342182891], [0.3426229508196733, 0.5258139534883737, -0.5704049844236759, -0.37551691729323283, 0.5424778761061949]]"
Iteration 10,"[[1.3307377049180344, 0.9442396313364071, 1.0340062111801258, -0.5792957746478872, -0.21253709198813062], [0.3426229508196733, 0.5281105990783425, -0.5704968944099378, -0.37380281690140815, 0.5421364985163207]]"
Iteration 11,"[[1.3307377049180344, 0.9442396313364071, 1.0311728395061743, -0.581467544684854, -0.21253709198813062], [0.3426229508196733, 0.5281105990783425, -0.5717592592592591, -0.37304797742238915, 0.5421364985163207]]"
Iteration 12,"[[1.3307377049180344, 0.9426605504587173, 1.0296923076923092, -0.5825329566854989, -0.21374442793462115], [0.3426229508196733, 0.5295871559633042, -0.5729230769230769, -0.37250470809792813, 0.5416790490341755]]"
Iteration 13,"[[1.3282258064516146, 0.937214611872148, 1.026911314984711, -0.5850141376060317, -0.21681614349775785], [0.34274193548387216, 0.5287671232876727, -0.5737003058103974, -0.3711592836946274, 0.5427503736920778]]"
Iteration 14,"[[1.3266129032258078, 0.9381278538812806, 1.0256097560975626, -0.5874528301886789, -0.21472346786248134], [0.33629032258064634, 0.5324200913242024, -0.5733231707317071, -0.37056603773584873, 0.5419282511210762]]"
Iteration 15,"[[1.3268000000000015, 0.936590909090911, 1.0231707317073186, -0.5885269121813027, -0.2159431137724551], [0.3324000000000012, 0.5336363636363652, -0.5754573170731706, -0.3701133144475917, 0.5415419161676647]]"
Iteration 16,"[[1.3274193548387112, 0.9361990950226265, 1.0205438066465273, -0.5925260170293277, -0.2143928035982009], [0.32983870967742057, 0.5368778280543003, -0.5740181268882174, -0.3689687795648058, 0.5404047976011994]]"
Iteration 17,"[[1.3274193548387112, 0.9351351351351372, 1.019126506024098, -0.5936079545454539, -0.21576576576576575], [0.32983870967742057, 0.5358108108108124, -0.5745481927710842, -0.36860795454545425, 0.5407657657657658]]"
Iteration 18,"[[1.3256000000000017, 0.9320627802690606, 1.0178678678678694, -0.5947393364928903, -0.21844879518072285], [0.3280000000000012, 0.5365470852017954, -0.5738738738738737, -0.36862559241706133, 0.5411897590361446]]"
Iteration 19,"[[1.3246031746031763, 0.9291111111111136, 1.0159159159159175, -0.5958254269449709, -0.2209214501510574], [0.3246031746031758, 0.5382222222222238, -0.5756756756756755, -0.36831119544592, 0.5406344410876134]]"
Iteration 20,"[[1.3246031746031763, 0.9287946428571452, 1.0158682634730554, -0.5958254269449709, -0.2209214501510574], [0.3246031746031758, 0.5408482142857158, -0.5741017964071855, -0.36831119544592, 0.5406344410876134]]"
Iteration 21,"[[1.3234126984126997, 0.9269911504424804, 1.0117210682492597, -0.599096098953377, -0.22356060606060604], [0.32063492063492177, 0.5424778761061962, -0.5747774480712164, -0.36750713606089414, 0.5408333333333334]]"
Iteration 22,"[[1.3192913385826786, 0.9264317180616766, 1.0100890207715147, -0.601286939942802, -0.22348484848484848], [0.31141732283464685, 0.5475770925110149, -0.577448071216617, -0.36711153479504266, 0.5391666666666668]]"
Iteration 23,"[[1.317187500000001, 0.9245575221238963, 1.0073529411764721, -0.6059160305343504, -0.2204407294832827], [0.30898437500000114, 0.5522123893805326, -0.5749999999999997, -0.3654103053435111, 0.5381458966565351]]"
Iteration 24,"[[1.317187500000001, 0.9231277533039673, 1.0058651026392977, -0.6073473282442741, -0.22050304878048782], [0.30898437500000114, 0.552643171806169, -0.5759530791788854, -0.3641221374045798, 0.5381097560975611]]"
Iteration 25,"[[1.317187500000001, 0.920833333333336, 1.0042274052478148, -0.609130019120458, -0.22267175572519088], [0.30898437500000114, 0.5541666666666683, -0.574344023323615, -0.3642925430210322, 0.5376335877862596]]"
Iteration 26,"[[1.314843750000001, 0.9211790393013126, 1.0027616279069782, -0.6103250478011465, -0.22327718223583462], [0.30234375000000113, 0.5563318777292592, -0.5751453488372091, -0.36314531548757134, 0.5384379785604902]]"
Iteration 27,"[[1.313281250000001, 0.9197826086956549, 0.9995677233429409, -0.6132057416267934, -0.22415384615384618], [0.29804687500000115, 0.5608695652173928, -0.5740634005763687, -0.36167464114832504, 0.5384615384615385]]"
Iteration 28,"[[1.3143410852713189, 0.9181818181818208, 0.997118155619598, -0.6132057416267934, -0.22662037037037042], [0.29418604651162905, 0.5619047619047634, -0.5740634005763687, -0.36167464114832504, 0.5391975308641976]]"
Iteration 29,"[[1.311068702290077, 0.9171052631578972, 0.9938571428571442, -0.6158524904214551, -0.22527047913446682], [0.29312977099236753, 0.5675438596491243, -0.5727142857142855, -0.3603927203065131, 0.539258114374034]]"
Iteration 30,"[[1.3109848484848494, 0.9171052631578972, 0.9920000000000014, -0.6168744007670174, -0.225579598145286], [0.2897727272727284, 0.5675438596491243, -0.5727142857142854, -0.36059443911792877, 0.539258114374034]]"
Iteration 31,"[[1.308333333333334, 0.9152173913043504, 0.9882436260623243, -0.6197696737044139, -0.22744945567651642], [0.28333333333333444, 0.5736956521739146, -0.5729461756373935, -0.3586852207293663, 0.5391135303265943]]"
Iteration 32,"[[1.305597014925374, 0.9119047619047645, 0.9865439093484432, -0.6208933717579244, -0.2301092043681748], [0.28022388059701603, 0.5740259740259755, -0.5737960339943341, -0.3586455331412101, 0.5393915756630266]]"
Iteration 33,"[[1.3048872180451132, 0.9130901287553674, 0.9843661971830998, -0.6219230769230762, -0.23309859154929585], [0.2751879699248131, 0.5738197424892719, -0.5733802816901407, -0.35807692307692285, 0.5409233176838812]]"
Iteration 34,"[[1.3029850746268663, 0.9125000000000026, 0.9817927170868358, -0.6241329479768779, -0.23309859154929585], [0.2742537313432847, 0.5756465517241395, -0.5729691876750698, -0.3578034682080922, 0.5409233176838812]]"
Iteration 35,"[[1.2988888888888894, 0.9102564102564129, 0.9802521008403372, -0.6251687560270003, -0.23547880690737844], [0.2677777777777789, 0.5799145299145313, -0.5753501400560221, -0.3572806171648985, 0.5401098901098903]]"
Iteration 36,"[[1.2988888888888894, 0.9102564102564129, 0.9789106145251407, -0.6267149758454099, -0.235344827586207], [0.2677777777777789, 0.5799145299145313, -0.5754189944134076, -0.3574879227053137, 0.539420062695925]]"
Iteration 37,"[[1.2984962406015046, 0.9124472573839689, 0.977715877437327, -0.6278529980657633, -0.2366562009419153], [0.2605263157894747, 0.5810126582278495, -0.574651810584958, -0.35754352030947745, 0.539481946624804]]"
Iteration 38,"[[1.2984962406015046, 0.9133891213389148, 0.9737500000000011, -0.6307953443258966, -0.2373626373626375], [0.25225563909774545, 0.5811715481171562, -0.5763888888888887, -0.3571774975751694, 0.5389324960753534]]"
Iteration 39,"[[1.29051094890511, 0.9088607594936735, 0.9737500000000011, -0.6299999999999993, -0.2419025157232705], [0.24927007299270182, 0.5875527426160351, -0.5763888888888887, -0.3581553398058249, 0.539308176100629]]"
Iteration 40,"[[1.2892086330935255, 0.9078389830508501, 0.9703601108033252, -0.6317429406036994, -0.2432496075353219], [0.24748201438849027, 0.58834745762712, -0.5772853185595567, -0.3586660175267767, 0.5392464678178964]]"
Iteration 41,"[[1.2892086330935255, 0.9063291139240534, 0.9690607734806641, -0.6327317073170725, -0.2452904238618525], [0.24748201438849027, 0.5886075949367102, -0.5770718232044196, -0.3592195121951216, 0.5387755102040818]]"
Iteration 42,"[[1.28804347826087, 0.9073221757322203, 0.9676308539944914, -0.6330889540566953, -0.2483516483516484], [0.24239130434782713, 0.5895397489539762, -0.577548209366391, -0.35977517106549334, 0.5390109890109891]]"
Iteration 43,"[[1.2842857142857147, 0.9060669456066972, 0.9645604395604407, -0.6354901960784306, -0.2500000000000001], [0.23857142857142968, 0.5903765690376581, -0.5789835164835163, -0.3598529411764702, 0.5389324960753533]]"
Iteration 44,"[[1.281428571428572, 0.9060416666666692, 0.9622950819672141, -0.6362475442043215, -0.2536949685534592], [0.23357142857142965, 0.5941666666666678, -0.5774590163934424, -0.36055992141453796, 0.5394654088050316]]"
Iteration 45,"[[1.2790780141843978, 0.905186721991704, 0.9600817438692107, -0.6366995073891619, -0.25880503144654093], [0.23156028368794432, 0.5919087136929473, -0.5779291553133512, -0.361773399014778, 0.5408805031446542]]"
Iteration 46,"[[1.2737762237762245, 0.9037500000000025, 0.9585597826086968, -0.637450592885375, -0.2616954474097332], [0.2283216783216794, 0.596875000000001, -0.5789402173913042, -0.3625988142292487, 0.540188383045526]]"
Iteration 47,"[[1.2743055555555562, 0.9024896265560192, 0.9555555555555565, -0.6378097125867191, -0.26695447409733136], [0.22534722222222334, 0.5960580912863082, -0.5780487804878047, -0.3641724479682852, 0.5410518053375197]]"
Iteration 48,"[[1.2708333333333341, 0.9035123966942173, 0.9541891891891902, -0.638469184890656, -0.2702194357366773], [0.21979166666666777, 0.5977272727272739, -0.578243243243243, -0.36535785288270356, 0.5410658307210033]]"
Iteration 49,"[[1.2703448275862077, 0.9008196721311499, 0.9520270270270279, -0.6394317048853438, -0.2741379310344829], [0.21724137931034587, 0.5967213114754112, -0.58027027027027, -0.36615154536390804, 0.5405172413793106]]"
Iteration 50,"[[1.267346938775511, 0.8979423868312782, 0.9508086253369281, -0.6395000000000001, -0.27816901408450706], [0.21802721088435484, 0.6000000000000014, -0.5796495956873313, -0.3678999999999997, 0.540062597809077]]"
Iteration 51,"[[1.2639455782312934, 0.8985655737704942, 0.9494623655913987, -0.6405905905905908, -0.2794670846394985], [0.21292517006802822, 0.6028688524590178, -0.5797043010752686, -0.3676676676676674, 0.5400470219435739]]"
Iteration 52,"[[1.2622448979591845, 0.8989837398374009, 0.9477150537634418, -0.639889336016097, -0.2858034321372855], [0.2078231292517017, 0.6020325203252046, -0.5817204301075267, -0.3704728370221326, 0.5397815912636508]]"
Iteration 53,"[[1.260738255033558, 0.8981707317073195, 0.9463611859838285, -0.6400805639476338, -0.28751950078003125], [0.20335570469798758, 0.6026422764227656, -0.5826145552560645, -0.3710473313192344, 0.5398595943837755]]"
Iteration 54,"[[1.2586666666666675, 0.8979591836734717, 0.9438337801608588, -0.6420626895854402, -0.2890357698289268], [0.20300000000000104, 0.6044897959183687, -0.5817694369973189, -0.3723458038422646, 0.5391912908242614]]"
Iteration 55,"[[1.255298013245034, 0.8967741935483893, 0.941532258064517, -0.6426545086119558, -0.2926791277258564], [0.19437086092715333, 0.6070564516129046, -0.5848118279569892, -0.37274569402228946, 0.5382398753894083]]"
Iteration 56,"[[1.2516339869281052, 0.8935483870967763, 0.9404825737265423, -0.6415736040609143, -0.2994539781591263], [0.19444444444444545, 0.608669354838711, -0.5836461126005361, -0.37446700507614183, 0.5395475819032762]]"
Iteration 57,"[[1.2516339869281052, 0.8925702811245001, 0.9356763925729451, -0.6450459652706849, -0.30373831775700916], [0.19444444444444545, 0.6066265060240977, -0.5816976127320954, -0.3759959141981611, 0.5398753894080998]]"
Iteration 58,"[[1.2503267973856218, 0.8944000000000021, 0.9328042328042336, -0.6460633946830272, -0.3052262090483618], [0.18888888888888988, 0.6070000000000012, -0.5825396825396825, -0.37535787321063363, 0.5407956318252731]]"
Iteration 59,"[[1.2477272727272737, 0.8945783132530141, 0.9328042328042336, -0.6449282786885254, -0.30800933125971985], [0.187987012987014, 0.6092369477911659, -0.5825396825396825, -0.3771004098360653, 0.5405909797822708]]"
Iteration 60,"[[1.2442675159235677, 0.8911646586345403, 0.9277631578947376, -0.648506694129764, -0.31119751166407444], [0.1843949044585997, 0.6142570281124509, -0.5823684210526314, -0.3781153450051491, 0.5389580093312599]]"
Iteration 61,"[[1.2427215189873426, 0.8876984126984147, 0.9260526315789482, -0.6490196078431383, -0.31677067082683286], [0.18259493670886173, 0.609920634920636, -0.5846052631578946, -0.3783797729618161, 0.5401716068642748]]"
Iteration 62,"[[1.2398734177215196, 0.8894841269841289, 0.9260526315789482, -0.6480868665977261, -0.3192068429237945], [0.1791139240506339, 0.6121031746031758, -0.5846052631578946, -0.3800413650465354, 0.5398133748055989]]"
Iteration 63,"[[1.2399371069182397, 0.8894841269841289, 0.9210732984293202, -0.6506756756756767, -0.32124031007751924], [0.17672955974842863, 0.6121031746031758, -0.5861256544502615, -0.3807692307692306, 0.5393023255813955]]"
Iteration 64,"[[1.236477987421384, 0.8895669291338603, 0.9210732984293202, -0.6508333333333345, -0.32496124031007734], [0.17264150943396325, 0.6106299212598437, -0.5861256544502615, -0.3820312499999998, 0.5396899224806204]]"
Iteration 65,"[[1.2340625000000007, 0.886718750000002, 0.9212598425196857, -0.6502609603340304, -0.3294573643410853], [0.17125000000000096, 0.6097656250000013, -0.58753280839895, -0.3835594989561585, 0.5392248062015504]]"
Iteration 66,"[[1.2308641975308647, 0.8851562500000019, 0.9181937172774878, -0.6504712041884828, -0.33418604651162825], [0.16882716049382812, 0.6125000000000012, -0.5880890052356019, -0.3847643979057589, 0.5394573643410854]]"
Iteration 67,"[[1.2282208588957058, 0.8854901960784332, 0.9156250000000008, -0.6503151260504213, -0.3382352941176474], [0.16809815950920345, 0.6147058823529424, -0.5876302083333332, -0.38602941176470557, 0.540247678018576]]"
Iteration 68,"[[1.2260606060606065, 0.8849019607843156, 0.9135416666666675, -0.6502631578947379, -0.3421052631578948], [0.16454545454545552, 0.6152941176470601, -0.5872395833333333, -0.38736842105263136, 0.5409442724458206]]"
Iteration 69,"[[1.2260606060606065, 0.8821011673151771, 0.9115284974093272, -0.650264270613109, -0.34938080495355983], [0.16454545454545552, 0.6140077821011686, -0.585103626943005, -0.38985200845665935, 0.5413312693498453]]"
Iteration 70,"[[1.2239520958083834, 0.8810546875000018, 0.9086563307493548, -0.6525450689289514, -0.3496908809891801], [0.1646706586826357, 0.6146484375000013, -0.5868217054263565, -0.38987274655355214, 0.5408037094281299]]"
Iteration 71,"[[1.223809523809524, 0.8782945736434127, 0.9079015544041459, -0.6522848034006388, -0.3537094281298292], [0.162500000000001, 0.6131782945736447, -0.5878238341968911, -0.3912858660998934, 0.5403400309119012]]"
Iteration 72,"[[1.223809523809524, 0.8751923076923097, 0.9067183462532308, -0.6510149572649585, -0.36163328197226485], [0.162500000000001, 0.613269230769232, -0.5869509043927648, -0.3949252136752133, 0.5393682588597843]]"
Iteration 73,"[[1.2244117647058825, 0.8728846153846173, 0.9025773195876298, -0.6532119914346908, -0.36296296296296277], [0.16117647058823628, 0.6136538461538474, -0.5878865979381441, -0.39443254817987117, 0.5394290123456791]]"
Iteration 74,"[[1.223391812865497, 0.8711538461538482, 0.9010282776349623, -0.6542336548767429, -0.36445131375579576], [0.16228070175438697, 0.6125000000000012, -0.5889460154241645, -0.39378349410503716, 0.5401854714064915]]"
Iteration 75,"[[1.2162857142857142, 0.8673745173745193, 0.900128534704371, -0.6554184549356236, -0.36713178294573623], [0.16257142857142956, 0.6156370656370669, -0.589331619537275, -0.3939914163090126, 0.5403875968992249]]"
Iteration 76,"[[1.2060773480662985, 0.8688235294117668, 0.8960154241645253, -0.6546587215601307, -0.37446319018404917], [0.15662983425414465, 0.6241176470588248, -0.5912596401028275, -0.39924160346695525, 0.5383435582822087]]"
Iteration 77,"[[1.2060773480662985, 0.8645348837209322, 0.8944871794871803, -0.6568552774755175, -0.3781441717791411], [0.15662983425414465, 0.6220930232558151, -0.5921794871794871, -0.40027203482045676, 0.536733128834356]]"
Iteration 78,"[[1.2060773480662985, 0.8633204633204654, 0.891094147582698, -0.6599344978165946, -0.38033794162826423], [0.15662983425414465, 0.6204633204633216, -0.5893129770992365, -0.40098253275109147, 0.537403993855607]]"
Iteration 79,"[[1.2036312849162014, 0.8660305343511469, 0.8888607594936718, -0.6619256017505478, -0.3822307692307693], [0.15027932960893953, 0.6213740458015278, -0.5881012658227847, -0.4010940919037197, 0.5372307692307695]]"
Iteration 80,"[[1.2011173184357544, 0.8664772727272747, 0.8873417721518996, -0.6615257958287603, -0.3864823348694318], [0.14608938547486133, 0.6206439393939405, -0.5901265822784808, -0.40236004390779345, 0.5370967741935486]]"
Iteration 81,"[[1.201933701657459, 0.863533834586468, 0.8841370558375644, -0.6629547960308714, -0.3900306748466258], [0.14171270718232143, 0.6197368421052644, -0.5912436548223349, -0.40435501653803724, 0.5355828220858898]]"
Iteration 82,"[[1.2013888888888893, 0.8636194029850767, 0.8827848101265833, -0.6639226519337018, -0.39194785276073624], [0.13916666666666763, 0.6195895522388072, -0.59126582278481, -0.4048618784530384, 0.5350460122699389]]"
Iteration 83,"[[1.2013888888888893, 0.8622676579925671, 0.8801007556675072, -0.6661862527716187, -0.39371165644171785], [0.13916666666666763, 0.6185873605947966, -0.5911838790931988, -0.4051552106430152, 0.5348159509202456]]"
Iteration 84,"[[1.2013888888888893, 0.8611111111111133, 0.8787688442211066, -0.6666295884315907, -0.39693721286370603], [0.13916666666666763, 0.6166666666666677, -0.5910804020100501, -0.40656284760845346, 0.5347626339969374]]"
Iteration 85,"[[1.1959016393442627, 0.8607806691449833, 0.8763819095477398, -0.6670011148272017, -0.39954058192955594], [0.1357923497267769, 0.6217472118959119, -0.5924623115577888, -0.4070234113712371, 0.5341500765696785]]"
Iteration 86,"[[1.1924324324324331, 0.8568014705882372, 0.8751889168765753, -0.6680089485458611, -0.4047546012269939], [0.13324324324324419, 0.6181985294117659, -0.5940806045340049, -0.40861297539149843, 0.5342791411042945]]"
Iteration 87,"[[1.1897297297297305, 0.8586397058823548, 0.8738693467336693, -0.6687780269058293, -0.405666156202144], [0.13081081081081175, 0.6198529411764717, -0.5938442211055275, -0.40930493273542556, 0.5339203675344564]]"
Iteration 88,"[[1.187634408602151, 0.8564102564102584, 0.871250000000001, -0.6715973003374573, -0.4082055214723927], [0.13091397849462458, 0.6179487179487191, -0.5932499999999998, -0.40967379077615257, 0.5344325153374234]]"
Iteration 89,"[[1.188502673796792, 0.8532727272727293, 0.8652605459057083, -0.6726553672316379, -0.415846153846154], [0.12860962566845013, 0.6180000000000011, -0.5920595533498758, -0.4106779661016946, 0.5354615384615385]]"
Iteration 90,"[[1.186243386243387, 0.8532846715328486, 0.8621287128712881, -0.6741770715096476, -0.4177147239263806], [0.12724867724867817, 0.6195255474452566, -0.5922029702970295, -0.41225879682179306, 0.5347392638036811]]"
Iteration 91,"[[1.184473684210527, 0.8505434782608714, 0.8608910891089119, -0.6760523321956764, -0.41989247311827976], [0.12605263157894836, 0.6173913043478272, -0.5929455445544553, -0.41274175199089846, 0.534562211981567]]"
Iteration 92,"[[1.184473684210527, 0.8489169675090272, 0.8593827160493838, -0.6765108323831237, -0.4223502304147468], [0.12605263157894836, 0.6176895306859217, -0.593827160493827, -0.4129988597491445, 0.5340245775729648]]"
Iteration 93,"[[1.1843750000000008, 0.845683453237412, 0.8565432098765443, -0.677771428571428, -0.42515384615384644], [0.12421875000000093, 0.6185251798561162, -0.5945679012345678, -0.4133714285714284, 0.5333846153846157]]"
Iteration 94,"[[1.1844559585492238, 0.8442652329749123, 0.8529556650246317, -0.6804822043628009, -0.4266513056835641], [0.12227979274611499, 0.617741935483872, -0.595566502463054, -0.4141216991963258, 0.5323348694316439]]"
Iteration 95,"[[1.1814432989690733, 0.8423214285714304, 0.8515970515970527, -0.6819332566168004, -0.4293076923076926], [0.12164948453608347, 0.6182142857142867, -0.5955773955773954, -0.41449942462600664, 0.5321538461538464]]"
Iteration 96,"[[1.1802564102564113, 0.8391843971631223, 0.8501228501228513, -0.6820438799076208, -0.4340769230769236], [0.12025641025641126, 0.6182624113475188, -0.5959459459459459, -0.4163394919168589, 0.5312307692307694]]"
Iteration 97,"[[1.1775510204081643, 0.8386524822695054, 0.8473105134474339, -0.6842592592592588, -0.4355161787365182], [0.11989795918367445, 0.6182624113475187, -0.5964547677261612, -0.4156828703703701, 0.5319722650231127]]"
Iteration 98,"[[1.1781725888324883, 0.837102473498235, 0.8449877750611258, -0.6852325581395344, -0.43824884792626784], [0.11776649746192992, 0.6181978798586583, -0.5963325183374081, -0.41802325581395317, 0.5303379416282644]]"
Iteration 99,"[[1.1746231155778906, 0.8341549295774665, 0.8414841849148429, -0.6885647607934651, -0.4412942989214181], [0.11783919597990047, 0.6160211267605643, -0.5967153284671531, -0.4178529754959156, 0.5315100154083207]]"
Iteration 100,"[[1.1722500000000013, 0.8314035087719316, 0.8393462469733667, -0.6897780373831771, -0.44520123839009335], [0.11775000000000098, 0.61842105263158, -0.5944309927360774, -0.4181074766355137, 0.531888544891641]]"
Iteration 101,"[[1.1716417910447776, 0.8300699300699318, 0.8361111111111121, -0.6916666666666661, -0.44783616692426625], [0.11616915422885672, 0.6171328671328682, -0.5954106280193235, -0.41919014084507006, 0.5313755795981454]]"
Iteration 102,"[[1.172772277227724, 0.8293706293706311, 0.8328915662650613, -0.6935882352941171, -0.4485316846986095], [0.11386138613861485, 0.6199300699300709, -0.5934939759036143, -0.41999999999999965, 0.5301391035548687]]"
Iteration 103,"[[1.172772277227724, 0.8265625000000016, 0.828708133971293, -0.6957396449704135, -0.4535548686244206], [0.11386138613861485, 0.6180555555555567, -0.5942583732057415, -0.42076923076923045, 0.530061823802164]]"
Iteration 104,"[[1.170833333333335, 0.8265625000000016, 0.8280048076923088, -0.6957396449704135, -0.4535548686244206], [0.11102941176470685, 0.6180555555555567, -0.5962740384615383, -0.42076923076923045, 0.530061823802164]]"
Iteration 105,"[[1.1687804878048798, 0.8235294117647075, 0.8230952380952391, -0.6986904761904755, -0.45882352941176485], [0.11121951219512294, 0.6200692041522501, -0.5952380952380951, -0.42148809523809494, 0.5294891640866874]]"
Iteration 106,"[[1.1674019607843156, 0.8256896551724153, 0.8230952380952391, -0.6985697258641231, -0.4593508500772798], [0.10833333333333432, 0.6203448275862078, -0.5952380952380951, -0.4222288438617399, 0.5289799072642969]]"
Iteration 107,"[[1.1674019607843156, 0.8229452054794536, 0.8204976303317545, -0.7017942583732049, -0.4613003095975232], [0.10833333333333432, 0.617808219178083, -0.5945497630331752, -0.42260765550239204, 0.5289473684210528]]"
Iteration 108,"[[1.1678048780487824, 0.8213310580204793, 0.8180094786729868, -0.7028211284513798, -0.4633693972179289], [0.1063414634146351, 0.6180887372013661, -0.5959715639810426, -0.4234693877551018, 0.5275888717156108]]"
Iteration 109,"[[1.1657004830917892, 0.8180272108843553, 0.8141509433962273, -0.7042168674698787, -0.4689922480620154], [0.10628019323671593, 0.6161564625850349, -0.5949292452830187, -0.42451807228915633, 0.5293798449612405]]"
Iteration 110,"[[1.1657004830917892, 0.8164406779661033, 0.8108899297423897, -0.705374396135265, -0.4733281493001554], [0.10628019323671593, 0.616271186440679, -0.5928571428571426, -0.42469806763284995, 0.5303265940902024]]"
Iteration 111,"[[1.1665865384615404, 0.8132996632996649, 0.8071261682243, -0.7084951456310672, -0.47566096423017085], [0.10408653846153941, 0.6163299663299673, -0.592289719626168, -0.42609223300970833, 0.5286158631415243]]"
Iteration 112,"[[1.1648325358851692, 0.8117845117845134, 0.8057109557109566, -0.7088199513381988, -0.4783048211508551], [0.10454545454545551, 0.6176767676767686, -0.5927738927738926, -0.4265815085158147, 0.5282270606531884]]"
Iteration 113,"[[1.1625000000000019, 0.8086956521739146, 0.8018691588785056, -0.7119047619047612, -0.48037383177570064], [0.10023584905660471, 0.617391304347827, -0.5941588785046727, -0.42741147741147706, 0.5272585669781933]]"
Iteration 114,"[[1.1598591549295791, 0.8078595317725769, 0.8004662004662013, -0.7132802937576492, -0.4816978193146415], [0.10000000000000095, 0.6190635451505027, -0.5945221445221444, -0.42766217870257006, 0.526557632398754]]"
Iteration 115,"[[1.1598591549295791, 0.8065000000000014, 0.7991860465116288, -0.7136977886977881, -0.48475894245723133], [0.10000000000000095, 0.6176666666666677, -0.5940697674418604, -0.42936117936117907, 0.5262052877138415]]"
Iteration 116,"[[1.1595794392523382, 0.8019801980198035, 0.7955916473317874, -0.7158866995073886, -0.48867187499999964], [0.09836448598130935, 0.6165016501650175, -0.5960556844547562, -0.4283251231527091, 0.5263281250000001]]"
Iteration 117,"[[1.1595794392523382, 0.8019801980198035, 0.7929561200923797, -0.7190976514215075, -0.4879095163806549], [0.09836448598130935, 0.6165016501650175, -0.595612009237875, -0.4286155747836833, 0.5254290171606866]]"
Iteration 118,"[[1.1597674418604669, 0.7975490196078446, 0.7892857142857153, -0.7218633540372664, -0.49195312499999966], [0.09651162790697768, 0.6148692810457526, -0.5964285714285712, -0.42944099378881967, 0.5244531250000002]]"
Iteration 119,"[[1.1574074074074092, 0.7962540716612394, 0.7882488479262683, -0.7217581047381539, -0.49563182527301064], [0.09583333333333427, 0.6130293159609129, -0.597695852534562, -0.43104738154613437, 0.5244929797191888]]"
Iteration 120,"[[1.1580645161290342, 0.7932038834951471, 0.7813926940639279, -0.7240624999999993, -0.502201257861635], [0.0937788018433189, 0.6127831715210365, -0.5944063926940637, -0.4306874999999997, 0.5270440251572329]]"
Iteration 121,"[[1.1591743119266074, 0.7917741935483887, 0.7786529680365306, -0.725219023779724, -0.503543307086614], [0.09151376146789084, 0.6119354838709686, -0.5947488584474884, -0.43053817271589456, 0.5273228346456694]]"
Iteration 122,"[[1.1591743119266074, 0.7901929260450176, 0.7760227272727283, -0.7286616161616155, -0.5051643192488261], [0.09151376146789084, 0.6122186495176859, -0.5944318181818179, -0.4336489898989896, 0.5237089201877936]]"
Iteration 123,"[[1.1550000000000018, 0.7892282958199373, 0.7735827664399103, -0.731075949367088, -0.5065047021943573], [0.0906818181818191, 0.612861736334406, -0.594331065759637, -0.4339240506329111, 0.5240595611285268]]"
Iteration 124,"[[1.1550000000000018, 0.7862619808306724, 0.770880361173816, -0.7333756345177659, -0.5091194968553459], [0.0906818181818191, 0.6118210862619817, -0.5944695259593678, -0.43343908629441597, 0.5242924528301889]]"
Iteration 125,"[[1.1550000000000018, 0.78471337579618, 0.770880361173816, -0.7333756345177659, -0.5103937007874015], [0.0906818181818191, 0.6117834394904468, -0.5944695259593678, -0.43343908629441597, 0.5241732283464569]]"
Iteration 126,"[[1.1536199095022641, 0.7833333333333348, 0.768018018018019, -0.7342911877394633, -0.5145211930926217], [0.08959276018099639, 0.6104761904761914, -0.5953828828828827, -0.4356960408684543, 0.5233908948194664]]"
Iteration 127,"[[1.152252252252254, 0.7785488958990551, 0.766629213483147, -0.7367307692307691, -0.5174528301886793], [0.09031531531531622, 0.6110410094637233, -0.5956179775280896, -0.43647435897435866, 0.5216194968553461]]"
Iteration 128,"[[1.1513452914798223, 0.7785488958990551, 0.7649438202247201, -0.7379332477535301, -0.5174528301886793], [0.08901345291479912, 0.6110410094637233, -0.595955056179775, -0.4365853658536582, 0.5216194968553461]]"
Iteration 129,"[[1.1508888888888906, 0.7740625000000014, 0.759304932735427, -0.7406451612903228, -0.5225552050473187], [0.08577777777777867, 0.610000000000001, -0.597757847533632, -0.4367096774193545, 0.5213722397476342]]"
Iteration 130,"[[1.1513274336283204, 0.7712732919254673, 0.7551339285714296, -0.7403746770025842, -0.52984126984127], [0.0838495575221248, 0.6077639751552804, -0.5946428571428569, -0.43753229974160174, 0.5244444444444447]]"
Iteration 131,"[[1.1535087719298263, 0.7696594427244596, 0.748218262806237, -0.7446684005201565, -0.5307448494453251], [0.07938596491228161, 0.6085139318885457, -0.5954342984409797, -0.43816644993498016, 0.5224247226624407]]"
Iteration 132,"[[1.1535087719298263, 0.7666153846153859, 0.7456762749445687, -0.7460835509138388, -0.53484126984127], [0.07938596491228161, 0.6084615384615393, -0.5944567627494455, -0.4393603133159265, 0.5219047619047621]]"
Iteration 133,"[[1.1535087719298263, 0.765184049079756, 0.7442477876106204, -0.7477719528178254, -0.5361331220285263], [0.07938596491228161, 0.6076687116564427, -0.5951327433628316, -0.4401048492791608, 0.5207606973058638]]"
Iteration 134,"[[1.1535087719298263, 0.7621951219512209, 0.7403296703296713, -0.751251646903822, -0.5391269841269842], [0.07938596491228161, 0.6071646341463424, -0.5945054945054943, -0.4406455862977599, 0.5201587301587303]]"
Iteration 135,"[[1.1530567685589534, 0.759756097560977, 0.7390350877192993, -0.7528401585204766, -0.5402380952380954], [0.08078602620087427, 0.6080792682926838, -0.5941885964912279, -0.44128137384412125, 0.5191269841269842]]"
Iteration 136,"[[1.1530567685589534, 0.7583586626139831, 0.7376367614879661, -0.7531788079470212, -0.542857142857143], [0.08078602620087427, 0.6069908814589674, -0.5946389496717722, -0.4417880794701984, 0.5192063492063494]]"
Iteration 137,"[[1.1530567685589534, 0.7554380664652582, 0.736353711790394, -0.7549202127659589, -0.5454761904761907], [0.08078602620087427, 0.6058912386706957, -0.5942139737991264, -0.44321808510638266, 0.5180952380952383]]"
Iteration 138,"[[1.1530567685589534, 0.7525525525525539, 0.7336956521739141, -0.7574098798397878, -0.5482511923688397], [0.08078602620087427, 0.6045045045045053, -0.5940217391304345, -0.44365821094793023, 0.5178855325914151]]"
Iteration 139,"[[1.1541304347826105, 0.7497014925373149, 0.7299349240780922, -0.7585561497326219, -0.5522364217252399], [0.07847826086956614, 0.6028358208955232, -0.5932754880694141, -0.44331550802139, 0.5193290734824283]]"
Iteration 140,"[[1.1547619047619064, 0.7483630952380965, 0.7252699784017289, -0.7597986577181226, -0.5567200000000002], [0.07640692640692733, 0.601190476190477, -0.5908207343412525, -0.4450335570469795, 0.5207200000000002]]"
Iteration 141,"[[1.1553648068669544, 0.7437685459940667, 0.7216594827586218, -0.7620619946091661, -0.5596955128205131], [0.07660944206008674, 0.6020771513353123, -0.5907327586206894, -0.4458221024258757, 0.519471153846154]]"
Iteration 142,"[[1.1551282051282068, 0.7423076923076938, 0.7180645161290333, -0.7645663956639583, -0.5613600000000001], [0.0750000000000009, 0.601627218934912, -0.5922580645161287, -0.4463414634146338, 0.5182400000000001]]"
Iteration 143,"[[1.1551282051282068, 0.7392647058823544, 0.7154175588865108, -0.7668937329700287, -0.5645600000000002], [0.0750000000000009, 0.6019117647058831, -0.5921841541755887, -0.4475476839237054, 0.5165600000000002]]"
Iteration 144,"[[1.1557203389830526, 0.7341642228739017, 0.7122863247863259, -0.7693306010928977, -0.5670947030497593], [0.07627118644067889, 0.6016129032258073, -0.5918803418803417, -0.4478142076502729, 0.5162921348314609]]"
Iteration 145,"[[1.1557203389830526, 0.7311953352769693, 0.7095744680851075, -0.7719394773039906, -0.5702724358974359], [0.07627118644067889, 0.6013119533527704, -0.5923404255319147, -0.44938101788170537, 0.5141826923076924]]"
Iteration 146,"[[1.1557203389830526, 0.7297965116279084, 0.7095744680851075, -0.7719394773039906, -0.5715890850722312], [0.07627118644067889, 0.6002906976744193, -0.5923404255319147, -0.44938101788170537, 0.5146067415730339]]"
Iteration 147,"[[1.1569620253164574, 0.7282608695652188, 0.7053078556263281, -0.7731673582296005, -0.5747596153846154], [0.0738396624472583, 0.6007246376811601, -0.5927813163481951, -0.45069156293222656, 0.5133012820512822]]"
Iteration 148,"[[1.1566945606694574, 0.7253602305475518, 0.7008492569002135, -0.7761111111111126, -0.5769662921348315], [0.0705020920502101, 0.5998559077809806, -0.5939490445859871, -0.4509027777777775, 0.5126805778491174]]"
Iteration 149,"[[1.1566945606694574, 0.7224928366762192, 0.6998940677966112, -0.7756606397774702, -0.5817230273752013], [0.0705020920502101, 0.5987106017191984, -0.5926906779661014, -0.4518080667593877, 0.5133655394524962]]"
Iteration 150,"[[1.1570833333333348, 0.7196581196581212, 0.6950421940928281, -0.7776223776223791, -0.5866935483870968], [0.06854166666666757, 0.597293447293448, -0.5917721518987339, -0.45321678321678294, 0.5136290322580647]]"
Iteration 151,"[[1.1570833333333348, 0.7168555240793216, 0.6926470588235305, -0.7778401122019648, -0.5919902912621358], [0.06854166666666757, 0.5956090651558081, -0.5901260504201677, -0.4544880785413741, 0.5149676375404533]]"
Iteration 152,"[[1.1570833333333348, 0.7153954802259902, 0.6912997903563952, -0.779043600562589, -0.5935275080906147], [0.06854166666666757, 0.5953389830508482, -0.5903563941299788, -0.45492264416315015, 0.5143203883495147]]"
Iteration 153,"[[1.1570539419087151, 0.7139436619718323, 0.6877615062761517, -0.7806930693069316, -0.5962843295638125], [0.06680497925311292, 0.5949295774647894, -0.5902719665271965, -0.45671852899575643, 0.5133279483037159]]"
Iteration 154,"[[1.157644628099175, 0.7108450704225368, 0.6865344467640928, -0.7811347517730504, -0.5987883683360257], [0.0690082644628108, 0.5943661971830994, -0.589457202505219, -0.45808510638297845, 0.5130856219709211]]"
Iteration 155,"[[1.1571721311475425, 0.7078431372549033, 0.6834728033472816, -0.7823153409090916, -0.6012965964343595], [0.06577868852459105, 0.59467787114846, -0.5905857740585772, -0.45788352272727245, 0.5126418152350083]]"
Iteration 156,"[[1.1571721311475425, 0.7048746518105864, 0.6808333333333344, -0.7846866096866104, -0.6038211382113818], [0.06577868852459105, 0.5947075208913657, -0.590520833333333, -0.4575498575498573, 0.512357723577236]]"
Iteration 157,"[[1.1571721311475425, 0.7019390581717466, 0.6795218295218306, -0.784406294706724, -0.6086178861788614], [0.06577868852459105, 0.5944598337950145, -0.5904365904365902, -0.4593705293276106, 0.5113008130081304]]"
Iteration 158,"[[1.1570850202429164, 0.6979281767955816, 0.6747401247401258, -0.7880780346820808, -0.6110841423948216], [0.0637651821862357, 0.5943370165745865, -0.5918918918918917, -0.46228323699421936, 0.5076051779935278]]"
Iteration 159,"[[1.1570850202429164, 0.6950549450549466, 0.6747401247401258, -0.7892185238784369, -0.6126418152350076], [0.0637651821862357, 0.5935439560439568, -0.5918918918918917, -0.46280752532561475, 0.5068071312803892]]"
Iteration 160,"[[1.159146341463416, 0.6920980926430533, 0.6710743801652903, -0.7915820029027574, -0.6165309446254066], [0.06361788617886267, 0.591144414168938, -0.5910123966942147, -0.4621915820029025, 0.5079804560260589]]"
Iteration 161,"[[1.1610887096774207, 0.6875000000000016, 0.6683884297520671, -0.7899563318777292, -0.6227569331158231], [0.06350806451612992, 0.589673913043479, -0.589979338842975, -0.46419213973799106, 0.508482871125612]]"
Iteration 162,"[[1.16124497991968, 0.6860433604336059, 0.6634773662551451, -0.7919590643274853, -0.625898692810457], [0.061646586345382406, 0.5897018970189709, -0.5895061728395058, -0.46461988304093543, 0.5087418300653597]]"
Iteration 163,"[[1.16124497991968, 0.6845945945945962, 0.6622176591375781, -0.7931085043988267, -0.6275326797385615], [0.061646586345382406, 0.5895945945945952, -0.5890143737166321, -0.46561583577712584, 0.5080065359477126]]"
Iteration 164,"[[1.16124497991968, 0.6831536388140178, 0.6608606557377061, -0.7932352941176468, -0.6302287581699341], [0.061646586345382406, 0.5893530997304588, -0.5894467213114752, -0.466176470588235, 0.5075980392156865]]"
Iteration 165,"[[1.1636000000000013, 0.6817204301075285, 0.6560327198364019, -0.7951183431952661, -0.6326264274061985], [0.05840000000000088, 0.5889784946236565, -0.5888548057259712, -0.46775147928994054, 0.5064437194127246]]"
Iteration 166,"[[1.1636000000000013, 0.6802949061662213, 0.6560327198364019, -0.7951183431952661, -0.6339052287581693], [0.05840000000000088, 0.5884718498659525, -0.5888548057259712, -0.46775147928994054, 0.5066176470588238]]"
Iteration 167,"[[1.164541832669324, 0.676943699731905, 0.6534623217922618, -0.7971025260029715, -0.6359477124183001], [0.06095617529880567, 0.5875335120643439, -0.5883910386965375, -0.4686478454680532, 0.5062908496732028]]"
Iteration 168,"[[1.1642292490118589, 0.6727272727272743, 0.6513238289205713, -0.7988822652757075, -0.638134206219312], [0.06106719367589022, 0.5879679144385035, -0.5880855397148674, -0.46974664679582684, 0.5050736497545011]]"
Iteration 169,"[[1.1645669291338592, 0.6698138297872356, 0.6487780040733209, -0.7991017964071854, -0.6422258592471354], [0.05905511811023711, 0.5878989361702135, -0.5884928716904275, -0.4713323353293411, 0.5036824877250411]]"
Iteration 170,"[[1.1654901960784323, 0.6669312169312185, 0.6460285132382904, -0.8003748125937028, -0.6447454844006563], [0.056666666666667566, 0.5875661375661382, -0.5876782077393073, -0.47181409295352306, 0.5036124794745486]]"
Iteration 171,"[[1.1688235294117655, 0.6618421052631593, 0.6437119675456402, -0.8010526315789471, -0.6494233937397029], [0.059411764705883253, 0.5851315789473691, -0.5865111561866124, -0.47255639097744334, 0.5039538714991765]]"
Iteration 172,"[[1.1688235294117655, 0.6590314136125669, 0.6437119675456402, -0.8012048192771083, -0.6520627062706266], [0.059411764705883253, 0.5842931937172783, -0.5865111561866124, -0.47334337349397565, 0.5034653465346537]]"
Iteration 173,"[[1.1688235294117655, 0.6562500000000017, 0.6413131313131324, -0.8015105740181273, -0.6571192052980128], [0.059411764705883253, 0.5832031250000008, -0.585353535353535, -0.4742447129909363, 0.5043046357615897]]"
Iteration 174,"[[1.1688235294117655, 0.6548051948051964, 0.6401209677419366, -0.8012859304084726, -0.6600331674958538], [0.059411764705883253, 0.5833766233766242, -0.5843749999999998, -0.4751134644478061, 0.5043946932006637]]"
Iteration 175,"[[1.1700389105058373, 0.6533854166666683, 0.6358148893360173, -0.8030395136778126, -0.6609271523178805], [0.05875486381323046, 0.5834635416666675, -0.5850100603621728, -0.4752279635258356, 0.5038079470198679]]"
Iteration 176,"[[1.170463320463321, 0.6519480519480534, 0.6334343434343446, -0.8028963414634159, -0.6628099173553716], [0.054826254826255715, 0.5835064935064942, -0.5855555555555553, -0.47690548780487785, 0.502231404958678]]"
Iteration 177,"[[1.170463320463321, 0.6505181347150274, 0.6307847082494982, -0.8052752293577995, -0.6640728476821189], [0.054826254826255715, 0.5834196891191716, -0.5860160965794766, -0.4762232415902139, 0.502152317880795]]"
Iteration 178,"[[1.1698076923076925, 0.6490956072351437, 0.6300403225806464, -0.8057427258805528, -0.6650662251655627], [0.05346153846153936, 0.5832041343669256, -0.5865927419354836, -0.47695252679938727, 0.5013245033112586]]"
Iteration 179,"[[1.170114942528736, 0.6461240310077534, 0.6274096385542179, -0.8072530864197547, -0.6679867986798678], [0.055555555555556455, 0.5828165374677009, -0.5868473895582326, -0.4790895061728394, 0.4994224422442248]]"
Iteration 180,"[[1.170114942528736, 0.6447164948453624, 0.6261523046092196, -0.807430340557277, -0.6706270627062703], [0.055555555555556455, 0.582345360824743, -0.5863727454909815, -0.48034055727554165, 0.49909240924092446]]"
Iteration 181,"[[1.1708015267175576, 0.6433161953727522, 0.6233466933867747, -0.8086046511627922, -0.6719008264462807], [0.05324427480916121, 0.5817480719794351, -0.5869739478957912, -0.47976744186046494, 0.4993388429752069]]"
Iteration 182,"[[1.1695817490494298, 0.6419230769230785, 0.6216432865731474, -0.8098602484472065, -0.6731788079470197], [0.05228136882129367, 0.5810256410256417, -0.5871743486973945, -0.48004658385093146, 0.49966887417218575]]"
Iteration 183,"[[1.170188679245283, 0.6373401534526868, 0.6204819277108445, -0.8098602484472065, -0.6756644518272423], [0.052641509433963174, 0.580946291560103, -0.5874497991967869, -0.48004658385093146, 0.49933554817275777]]"
Iteration 184,"[[1.1691729323308269, 0.6338010204081647, 0.6179000000000012, -0.8111718750000007, -0.6798172757475082], [0.053571428571429464, 0.581505102040817, -0.5871999999999997, -0.4817968749999998, 0.49792358803986747]]"
Iteration 185,"[[1.17070895522388, 0.629134860050892, 0.6163326653306626, -0.8111718750000007, -0.6823333333333332], [0.05354477611940388, 0.5807888040712477, -0.5871743486973945, -0.4817968749999998, 0.49791666666666706]]"
Iteration 186,"[[1.17070895522388, 0.6263291139240521, 0.612749003984065, -0.8136577708006284, -0.686371237458194], [0.05354477611940388, 0.5801265822784818, -0.5855577689243024, -0.4826530612244896, 0.4981605351170572]]"
Iteration 187,"[[1.1702602230483266, 0.6235516372795984, 0.6118762475049911, -0.8136577708006284, -0.6889261744966443], [0.052044609665428405, 0.5792191435768269, -0.5860279441117762, -0.4826530612244896, 0.4984899328859064]]"
Iteration 188,"[[1.1711111111111105, 0.6215909090909106, 0.6082341269841282, -0.8152996845425867, -0.6912751677852349], [0.054629629629630534, 0.5787878787878795, -0.5843253968253966, -0.48383280757097785, 0.498825503355705]]"
Iteration 189,"[[1.1734432234432226, 0.6180555555555571, 0.6052788844621526, -0.813564668769716, -0.6943697478991596], [0.052747252747253656, 0.5785353535353542, -0.5843625498007966, -0.48414826498422703, 0.498823529411765]]"
Iteration 190,"[[1.1734432234432226, 0.6166246851385405, 0.6027777777777791, -0.8164817749603804, -0.6953781512605042], [0.052747252747253656, 0.5787153652392955, -0.5835317460317457, -0.48526148969889055, 0.4977310924369751]]"
Iteration 191,"[[1.1734432234432226, 0.6152010050251271, 0.6027777777777791, -0.8155555555555555, -0.6978151260504201], [0.052747252747253656, 0.5787688442211062, -0.5835317460317457, -0.48626984126984124, 0.4969747899159668]]"
Iteration 192,"[[1.1734432234432226, 0.6137844611528838, 0.6014851485148527, -0.8167726550079492, -0.699074074074074], [0.052747252747253656, 0.5786967418546372, -0.5835643564356432, -0.48608903020667715, 0.4968855218855222]]"
Iteration 193,"[[1.173090909090908, 0.6115288220551394, 0.6000992063492075, -0.8167197452229299, -0.7005892255892255], [0.05163636363636453, 0.5790726817042613, -0.583630952380952, -0.4869426751592356, 0.4961279461279465]]"
Iteration 194,"[[1.1728260869565206, 0.6101250000000016, 0.5978174603174614, -0.8174121405750807, -0.7026094276094276], [0.05000000000000089, 0.5787500000000005, -0.583928571428571, -0.4877795527156548, 0.4955387205387209]]"
Iteration 195,"[[1.1728260869565206, 0.6087281795511237, 0.5978174603174614, -0.8164000000000008, -0.70513468013468], [0.05000000000000089, 0.5783042394014969, -0.583928571428571, -0.4887999999999999, 0.4951178451178455]]"
Iteration 196,"[[1.1728260869565206, 0.6087281795511237, 0.5978174603174614, -0.8164000000000008, -0.70513468013468], [0.05000000000000089, 0.5783042394014969, -0.583928571428571, -0.4887999999999999, 0.4951178451178455]]"
Iteration 197,"[[1.1728417266187037, 0.6063591022443905, 0.5950396825396838, -0.8176282051282059, -0.7064080944350758], [0.04892086330935339, 0.5781795511221952, -0.5837301587301583, -0.4887820512820512, 0.4953625632377744]]"
Iteration 198,"[[1.1718637992831527, 0.604975124378111, 0.5944333996023868, -0.8176282051282059, -0.7076858108108107], [0.04784946236559228, 0.5774875621890554, -0.5843936381709738, -0.4887820512820512, 0.4956925675675679]]"
Iteration 199,"[[1.1718637992831527, 0.603598014888339, 0.593154761904763, -0.8171497584541069, -0.7111298482293422], [0.04784946236559228, 0.5766749379652611, -0.5841269841269837, -0.4908212560386473, 0.49485666104553155]]"
Iteration 200,"[[1.171352313167258, 0.5996287128712887, 0.5920477137176948, -0.8170161290322587, -0.7139358108108107], [0.047508896797153914, 0.5769801980198027, -0.5843936381709738, -0.4916935483870966, 0.49383445945945986]]"
Iteration 201,"[[1.1719081272084786, 0.5955555555555571, 0.5877976190476202, -0.8197730956239876, -0.716243654822335], [0.04664310954063692, 0.5769135802469142, -0.5847222222222219, -0.4918152350081036, 0.49289340101522894]]"
Iteration 202,"[[1.1719081272084786, 0.5940886699507404, 0.5877976190476202, -0.8197730956239876, -0.717457627118644], [0.04664310954063692, 0.5775862068965524, -0.5847222222222219, -0.4918152350081036, 0.4922881355932208]]"
Iteration 203,"[[1.171830985915491, 0.591379310344829, 0.5854743083003964, -0.8203252032520331, -0.7209677419354839], [0.04841549295774735, 0.5764778325123159, -0.5831027667984187, -0.4930081300813007, 0.49312393887945716]]"
Iteration 204,"[[1.1731707317073148, 0.585467980295568, 0.5824110671936771, -0.8214983713355054, -0.7235093696763203], [0.04982578397212633, 0.5754926108374391, -0.5835968379446639, -0.49226384364820835, 0.4933560477001708]]"
Iteration 205,"[[1.1743103448275838, 0.580370370370372, 0.5811881188118825, -0.8214983713355054, -0.7247440273037542], [0.052586206896552606, 0.5751851851851859, -0.5837623762376236, -0.49226384364820835, 0.4929180887372018]]"
Iteration 206,"[[1.1760273972602713, 0.5747524752475263, 0.5787968441814608, -0.8225490196078437, -0.7276068376068375], [0.05787671232876801, 0.574257425742575, -0.5821499013806704, -0.4934640522875816, 0.4927350427350432]]"
Iteration 207,"[[1.1760273972602713, 0.5733333333333348, 0.577460629921261, -0.8229508196721316, -0.7298290598290598], [0.05787671232876801, 0.5744444444444451, -0.5827755905511809, -0.4937704918032786, 0.49179487179487236]]"
Iteration 208,"[[1.175255972696243, 0.5718673218673234, 0.5755424063116383, -0.8242200328407229, -0.7310787671232876], [0.05665529010238998, 0.5730958230958237, -0.5838264299802758, -0.49417077175697854, 0.4916095890410964]]"
Iteration 209,"[[1.175255972696243, 0.5718673218673234, 0.574212598425198, -0.8254111842105266, -0.7310787671232876], [0.05665529010238998, 0.5730958230958237, -0.5843503937007871, -0.49358552631578934, 0.4916095890410964]]"
Iteration 210,"[[1.17551020408163, 0.5704656862745113, 0.5716535433070878, -0.8266886326194401, -0.7323327615780445], [0.05459183673469476, 0.5730392156862751, -0.5836614173228343, -0.49406919275123545, 0.49150943396226465]]"
Iteration 211,"[[1.17551020408163, 0.5689024390243917, 0.571794871794873, -0.8266886326194401, -0.7335910652920961], [0.05459183673469476, 0.571463414634147, -0.5848126232741614, -0.49406919275123545, 0.49149484536082527]]"
Iteration 212,"[[1.17551020408163, 0.5672330097087394, 0.5694881889763791, -0.8280265339966835, -0.7363636363636363], [0.05459183673469476, 0.5697815533980588, -0.5855314960629918, -0.49601990049751227, 0.4901372212692973]]"
Iteration 213,"[[1.175932203389828, 0.5658595641646504, 0.5680473372781076, -0.8283222591362128, -0.7374785591766723], [0.05237288135593308, 0.5693704600484268, -0.5855029585798812, -0.49684385382059787, 0.4894511149228137]]"
Iteration 214,"[[1.175932203389828, 0.5654589371980691, 0.5671597633136106, -0.8296173044925127, -0.7374785591766723], [0.05237288135593308, 0.5679951690821263, -0.5857001972386584, -0.4975041597337769, 0.4894511149228137]]"
Iteration 215,"[[1.1753378378378354, 0.5635817307692322, 0.565415019762847, -0.8308333333333335, -0.7387457044673539], [0.05101351351351441, 0.5661057692307699, -0.5876482213438732, -0.49708333333333315, 0.48969072164948513]]"
Iteration 216,"[[1.1753378378378354, 0.5616028708133984, 0.5659405940594071, -0.8298831385642739, -0.7411512027491407], [0.05101351351351441, 0.5641148325358858, -0.5888118811881186, -0.4980801335559264, 0.48934707903780117]]"
Iteration 217,"[[1.1759259259259236, 0.5595238095238109, 0.5636904761904774, -0.831103678929766, -0.7424268502581755], [0.04865319865319954, 0.5620238095238101, -0.5900793650793648, -0.49774247491638784, 0.48975903614457883]]"
Iteration 218,"[[1.1759259259259236, 0.5577014218009493, 0.5652390438247024, -0.8307370184254607, -0.742955326460481], [0.04865319865319954, 0.5593601895734603, -0.5924302788844619, -0.4986599664991623, 0.48900343642611727]]"
Iteration 219,"[[1.1775919732441447, 0.5505882352941189, 0.5655310621242498, -0.8307370184254607, -0.7454310344827585], [0.04899665551839555, 0.5560000000000006, -0.5945891783567132, -0.4986599664991623, 0.4887068965517246]]"
Iteration 220,"[[1.1783333333333308, 0.5472941176470603, 0.5642000000000011, -0.8309243697478991, -0.7479310344827585], [0.051666666666667554, 0.5543529411764712, -0.5946999999999997, -0.4994117647058822, 0.48862068965517297]]"
Iteration 221,"[[1.1784768211920507, 0.5427230046948371, 0.5632264529058127, -0.8309243697478991, -0.750432525951557], [0.05264900662251743, 0.553521126760564, -0.5950901803607211, -0.4994117647058822, 0.4885813148788933]]"
Iteration 222,"[[1.179769736842103, 0.5382903981264651, 0.5614457831325314, -0.8309243697478991, -0.7529513888888888], [0.05230263157894825, 0.5525761124121785, -0.5947791164658632, -0.4994117647058822, 0.4887152777777783]]"
Iteration 223,"[[1.179999999999998, 0.5339953271028051, 0.5601202404809631, -0.8310286677908936, -0.7567826086956521], [0.0544262295081976, 0.5515186915887856, -0.5947895791583163, -0.5002529510961213, 0.4883478260869569]]"
Iteration 224,"[[1.1819672131147518, 0.5325934579439267, 0.5601202404809631, -0.8305743243243241, -0.757378472222222], [0.056557377049181214, 0.5500000000000006, -0.5947895791583163, -0.5011824324324322, 0.4875868055555561]]"
Iteration 225,"[[1.1816993464052266, 0.5312354312354326, 0.5590361445783144, -0.8307952622673433, -0.7585069444444442], [0.05490196078431461, 0.5504662004662011, -0.5950803212851402, -0.5020304568527917, 0.48628472222222274]]"
Iteration 226,"[[1.1815960912052097, 0.5284382284382299, 0.5577154308617246, -0.8320338983050846, -0.7597391304347824], [0.05667752442996831, 0.5506993006993014, -0.5949899799599194, -0.5019491525423726, 0.4859130434782614]]"
Iteration 227,"[[1.1815960912052097, 0.5270930232558153, 0.5577154308617246, -0.8320338983050846, -0.7609756097560972], [0.05667752442996831, 0.5509302325581401, -0.5949899799599194, -0.5019491525423726, 0.485627177700349]]"
Iteration 228,"[[1.181331168831167, 0.5244186046511643, 0.5577154308617246, -0.8320338983050846, -0.7622164048865616], [0.058279220779221666, 0.5510465116279075, -0.5949899799599194, -0.5019491525423726, 0.4854275741710302]]"
Iteration 229,"[[1.1830618892508125, 0.5247099767981452, 0.5564000000000011, -0.8327380952380949, -0.7628919860627176], [0.05830618892508232, 0.5498839907192581, -0.5947999999999998, -0.5028911564625849, 0.4846689895470389]]"
Iteration 230,"[[1.1838187702265355, 0.5212296983758715, 0.554000000000001, -0.8327380952380949, -0.7653846153846151], [0.059385113268609305, 0.5489559164733184, -0.5938999999999997, -0.5028911564625849, 0.48548951048951106]]"
Iteration 231,"[[1.1833870967741917, 0.5186774941995373, 0.554000000000001, -0.8327380952380949, -0.7666374781085812], [0.06080645161290413, 0.5489559164733184, -0.5938999999999997, -0.5028911564625849, 0.4854640980735557]]"
Iteration 232,"[[1.1840836012861717, 0.515313225058006, 0.5526946107784441, -0.8339863713798974, -0.767894736842105], [0.06350482315112631, 0.5479118329466363, -0.5936127744510975, -0.5029812606473593, 0.4855263157894743]]"
Iteration 233,"[[1.1846153846153828, 0.5120649651972172, 0.5526946107784441, -0.833361774744027, -0.769912280701754], [0.06602564102564193, 0.5468677494199543, -0.5936127744510975, -0.5039249146757677, 0.48491228070175507]]"
Iteration 234,"[[1.1840255591054296, 0.510930232558141, 0.5526946107784441, -0.833361774744027, -0.769912280701754], [0.06725239616613508, 0.5470930232558147, -0.5936127744510975, -0.5039249146757677, 0.48491228070175507]]"
Iteration 235,"[[1.1829113924050618, 0.50779069767442, 0.549800000000001, -0.8346153846153842, -0.7711775043936727], [0.06708860759493761, 0.5460465116279076, -0.5942999999999997, -0.5041025641025639, 0.48514938488576514]]"
Iteration 236,"[[1.1829113924050618, 0.5064965197215792, 0.549800000000001, -0.8347602739726023, -0.7724077328646745], [0.06708860759493761, 0.5454756380510447, -0.5942999999999997, -0.5049657534246574, 0.4846221441124786]]"
Iteration 237,"[[1.1831230283911658, 0.5034802784222752, 0.549800000000001, -0.8347602739726023, -0.7736795774647883], [0.0692429022082028, 0.5443155452436201, -0.5942999999999997, -0.5049657534246574, 0.48503521126760624]]"
Iteration 238,"[[1.1831230283911658, 0.5021990740740755, 0.549800000000001, -0.8340480274442534, -0.7757922535211264], [0.0692429022082028, 0.5435185185185192, -0.5942999999999997, -0.5059176672384218, 0.48477112676056394]]"
Iteration 239,"[[1.1826562499999989, 0.49825986078886464, 0.5471000000000009, -0.835309278350515, -0.7770723104056433], [0.07015625000000089, 0.5425754060324832, -0.5937999999999998, -0.5061855670103091, 0.4853615520282193]]"
Iteration 240,"[[1.1826562499999989, 0.49825986078886464, 0.5471000000000009, -0.835309278350515, -0.7770723104056433], [0.07015625000000089, 0.5425754060324832, -0.5937999999999998, -0.5061855670103091, 0.4853615520282193]]"
Iteration 241,"[[1.1826562499999989, 0.49699074074074223, 0.5471000000000009, -0.835309278350515, -0.7783568904593635], [0.07015625000000089, 0.5415509259259266, -0.5937999999999998, -0.5061855670103091, 0.4860424028268557]]"
Iteration 242,"[[1.1832298136645951, 0.49074074074074225, 0.545808383233534, -0.835775862068965, -0.7817699115044242], [0.07468944099378974, 0.5401620370370377, -0.5932135728542911, -0.5074999999999998, 0.48522123893805363]]"
Iteration 243,"[[1.1832298136645951, 0.4881336405529969, 0.545808383233534, -0.835775862068965, -0.7842806394316157], [0.07468944099378974, 0.5397465437788025, -0.5932135728542911, -0.5074999999999998, 0.48534635879218535]]"
Iteration 244,"[[1.184104938271604, 0.48479262672811213, 0.5429141716566875, -0.8369602763385142, -0.7854982206405687], [0.07500000000000091, 0.5396313364055305, -0.5939121756487024, -0.506649395509499, 0.48469750889679775]]"
Iteration 245,"[[1.1832307692307684, 0.4838337182448052, 0.5429141716566875, -0.8369602763385142, -0.7854982206405687], [0.07584615384615478, 0.5400692840646657, -0.5939121756487024, -0.506649395509499, 0.48469750889679775]]"
Iteration 246,"[[1.1833333333333327, 0.4791666666666682, 0.541633466135459, -0.8363951473136909, -0.7887010676156576], [0.07981651376146881, 0.5398148148148155, -0.593227091633466, -0.5081455805892546, 0.48345195729537427]]"
Iteration 247,"[[1.1833333333333327, 0.4778290993071609, 0.541633466135459, -0.8363951473136909, -0.7899286987522274], [0.07981651376146881, 0.5403002309468828, -0.593227091633466, -0.5081455805892546, 0.48297682709447476]]"
Iteration 248,"[[1.1833333333333327, 0.4764976958525361, 0.5402584493041759, -0.8375868055555551, -0.7911607142857134], [0.07981651376146881, 0.5406682027649777, -0.5939363817097413, -0.5073784722222221, 0.48258928571428633]]"
Iteration 249,"[[1.1840425531914889, 0.4733870967741951, 0.5386454183266941, -0.8375868055555551, -0.7923971377459741], [0.07963525835866353, 0.5403225806451619, -0.5937250996015935, -0.5073784722222221, 0.48228980322003645]]"
Iteration 250,"[[1.1836363636363632, 0.4720554272517336, 0.5373757455268399, -0.8378919860627172, -0.7934821428571421], [0.08106060606060699, 0.5403002309468828, -0.5929423459244529, -0.5088850174216027, 0.48151785714285783]]"
Iteration 251,"[[1.1836363636363632, 0.4707373271889416, 0.5373757455268399, -0.8378919860627172, -0.794722719141323], [0.08106060606060699, 0.5404377880184338, -0.5929423459244529, -0.5088850174216027, 0.48130590339892726]]"
Iteration 252,"[[1.1836858006042292, 0.46774193548387255, 0.5373757455268399, -0.8378919860627172, -0.795967741935483], [0.08308157099697977, 0.5399769585253462, -0.5929423459244529, -0.5088850174216027, 0.48118279569892536]]"
Iteration 253,"[[1.1841867469879517, 0.4644009216589878, 0.5347524752475257, -0.839316987740805, -0.7983870967741926], [0.08569277108433827, 0.5389400921658992, -0.5926732673267323, -0.5098073555166375, 0.48037634408602214]]"
Iteration 254,"[[1.1838323353293412, 0.4622119815668219, 0.5330357142857153, -0.839316987740805, -0.79964093357271], [0.08383233532934226, 0.5392857142857148, -0.5923611111111108, -0.5098073555166375, 0.4804308797127475]]"
Iteration 255,"[[1.183283582089552, 0.4596774193548403, 0.5330357142857153, -0.8392982456140344, -0.8009874326750439], [0.08507462686567258, 0.5390552995391712, -0.5923611111111108, -0.510701754385965, 0.47971274685816945]]"
Iteration 256,"[[1.1835311572700296, 0.4561342592592608, 0.5330357142857153, -0.8381370826010538, -0.8022401433691748], [0.08931750741839858, 0.5378472222222229, -0.5923611111111108, -0.5116871704745166, 0.4789426523297498]]"
Iteration 257,"[[1.1835311572700296, 0.45484988452656044, 0.5304347826086966, -0.8406525573192233, -0.8035008976660674], [0.08931750741839858, 0.5374133949191693, -0.5918972332015808, -0.511816578483245, 0.47917414721723584]]"
Iteration 258,"[[1.1835311572700296, 0.4535714285714301, 0.5304347826086966, -0.8406525573192233, -0.8047661870503587], [0.08931750741839858, 0.5368663594470052, -0.5918972332015808, -0.511816578483245, 0.4794964028776985]]"
Iteration 259,"[[1.1845132743362832, 0.45046082949308913, 0.5286138613861396, -0.8395246478873232, -0.807129963898916], [0.08893805309734608, 0.5354838709677426, -0.5914851485148512, -0.5110035211267605, 0.48086642599278046]]"
Iteration 260,"[[1.184264705882353, 0.4476958525345639, 0.5286138613861396, -0.8395246478873232, -0.8084086799276663], [0.0905882352941186, 0.5344470046082955, -0.5914851485148512, -0.5110035211267605, 0.4813743218806517]]"
Iteration 261,"[[1.184264705882353, 0.44643678160919703, 0.5286138613861396, -0.8395246478873232, -0.8096920289855062], [0.0905882352941186, 0.5335632183908052, -0.5914851485148512, -0.5110035211267605, 0.48197463768116017]]"
Iteration 262,"[[1.1835777126099707, 0.44527649769585415, 0.5272727272727283, -0.8406360424028262, -0.8098553345388777], [0.09164222873900386, 0.5337557603686642, -0.5918972332015807, -0.5113957597173143, 0.4811030741410496]]"
Iteration 263,"[[1.183625730994152, 0.4422811059907851, 0.5272727272727283, -0.8406360424028262, -0.8111413043478249], [0.09371345029239858, 0.5321428571428578, -0.5918972332015807, -0.5113957597173143, 0.48179347826087027]]"
Iteration 264,"[[1.183625730994152, 0.4410344827586224, 0.5260355029585809, -0.8406360424028262, -0.8137272727272715], [0.09371345029239858, 0.5310344827586213, -0.5908284023668636, -0.5113957597173143, 0.4835454545454552]]"
Iteration 265,"[[1.183575581395349, 0.4364055299539187, 0.5260355029585809, -0.8406360424028262, -0.8150273224043704], [0.09767441860465209, 0.5286866359447011, -0.5908284023668636, -0.5113957597173143, 0.4844262295081974]]"
Iteration 266,"[[1.183575581395349, 0.43505747126436944, 0.5260355029585809, -0.8394179894179887, -0.8174588665447886], [0.09767441860465209, 0.5296551724137938, -0.5908284023668636, -0.5105820105820105, 0.4845521023766004]]"
Iteration 267,"[[1.1834782608695653, 0.43341013824884955, 0.5247047244094498, -0.8406360424028262, -0.8174588665447886], [0.0995652173913053, 0.5291474654377887, -0.5911417322834642, -0.5101590106007066, 0.4845521023766004]]"
Iteration 268,"[[1.182369942196532, 0.43000000000000166, 0.5259368836291924, -0.8406360424028262, -0.8186813186813175], [0.10000000000000095, 0.5293103448275869, -0.5922090729783034, -0.5101590106007066, 0.48379120879120957]]"
Iteration 269,"[[1.1825648414985592, 0.42678160919540403, 0.5259368836291924, -0.8406360424028262, -0.8199082568807329], [0.10230547550432373, 0.5291954022988513, -0.5922090729783034, -0.5101590106007066, 0.4831192660550466]]"
Iteration 270,"[[1.1817528735632186, 0.4232798165137632, 0.5270750988142303, -0.8404424778761055, -0.8213761467889897], [0.10316091954023088, 0.5287844036697255, -0.5932806324110669, -0.5110619469026547, 0.4816513761467897]]"
Iteration 271,"[[1.1817528735632186, 0.42196796338672937, 0.5270750988142303, -0.8404424778761055, -0.822610294117646], [0.10316091954023088, 0.5292906178489709, -0.5932806324110669, -0.5110619469026547, 0.4811580882352948]]"
Iteration 272,"[[1.1810000000000003, 0.41777522935779987, 0.5257396449704153, -0.841666666666666, -0.8238489871086546], [0.1061428571428581, 0.5292431192660557, -0.5934911242603548, -0.5107269503546098, 0.48075506445672267]]"
Iteration 273,"[[1.1810541310541312, 0.41502293577981825, 0.5267786561264832, -0.841666666666666, -0.8238489871086546], [0.10826210826210919, 0.5271788990825695, -0.5945652173913041, -0.5107269503546098, 0.48075506445672267]]"
Iteration 274,"[[1.1810541310541312, 0.41372997711670656, 0.5267786561264832, -0.841666666666666, -0.8250922509225083], [0.10826210826210919, 0.5274599542334103, -0.5945652173913041, -0.5107269503546098, 0.4804428044280451]]"
Iteration 275,"[[1.1810541310541312, 0.4116173120728947, 0.5277227722772287, -0.841666666666666, -0.8263401109057292], [0.10826210826210919, 0.5263097949886111, -0.5956435643564353, -0.5107269503546098, 0.48022181146025955]]"
Iteration 276,"[[1.1810541310541312, 0.41034090909091087, 0.5277227722772287, -0.8413854351687383, -0.8279112754158956], [0.10826210826210919, 0.526363636363637, -0.5956435643564353, -0.5116341030195382, 0.4792051756007401]]"
Iteration 277,"[[1.1811614730878188, 0.4054669703872455, 0.5277227722772287, -0.8413854351687383, -0.8291666666666658], [0.11260623229461848, 0.5247152619589983, -0.5956435643564353, -0.5116341030195382, 0.4791666666666674]]"
Iteration 278,"[[1.1807909604519775, 0.4020454545454563, 0.5285714285714297, -0.8413854351687383, -0.830426716141001], [0.11412429378531165, 0.5229545454545461, -0.5967261904761902, -0.5116341030195382, 0.47922077922078]]"
Iteration 279,"[[1.1801408450704227, 0.3995454545454563, 0.5272277227722784, -0.8426156583629887, -0.8316914498141257], [0.11521126760563472, 0.5227272727272733, -0.5968316831683166, -0.5113879003558719, 0.47936802973977777]]"
Iteration 280,"[[1.1801408450704227, 0.3982993197278929, 0.5272277227722784, -0.8426156583629887, -0.8329608938547479], [0.11521126760563472, 0.5223356009070301, -0.5968316831683166, -0.5113879003558719, 0.4796089385474868]]"
Iteration 281,"[[1.1792717086834736, 0.39544419134396536, 0.5272277227722784, -0.8422459893048122, -0.8333643122676573], [0.11806722689075727, 0.5218678815489757, -0.5968316831683166, -0.5122994652406416, 0.4787174721189599]]"
Iteration 282,"[[1.1792717086834736, 0.3936507936507954, 0.5279761904761915, -0.8422459893048122, -0.8346368715083793], [0.11806722689075727, 0.5200680272108851, -0.5979166666666663, -0.5122994652406416, 0.4790502793296097]]"
Iteration 283,"[[1.1790502793296092, 0.39081632653061404, 0.5279761904761915, -0.8422459893048122, -0.835914179104477], [0.1198324022346378, 0.5189342403628124, -0.5979166666666663, -0.5122994652406416, 0.47947761194029925]]"
Iteration 284,"[[1.1790502793296092, 0.3895927601809973, 0.5279761904761915, -0.8422459893048122, -0.8371962616822424], [0.1198324022346378, 0.5182126696832586, -0.5979166666666663, -0.5122994652406416, 0.48000000000000076]]"
Iteration 285,"[[1.1777932960893858, 0.3869909502262462, 0.5298019801980208, -0.8417857142857137, -0.8389719626168218], [0.12374301675977745, 0.5171945701357473, -0.5983168316831681, -0.5132142857142856, 0.4797196261682251]]"
Iteration 286,"[[1.176527777777778, 0.3828054298642553, 0.5304563492063503, -0.8417857142857137, -0.8402621722846436], [0.12597222222222315, 0.5149321266968333, -0.5994047619047617, -0.5132142857142856, 0.48043071161048767]]"
Iteration 287,"[[1.176527777777778, 0.38160270880361363, 0.5291089108910902, -0.843023255813953, -0.8415572232645399], [0.12597222222222315, 0.5138826185101587, -0.5994059405940592, -0.5130590339892664, 0.4812382739212015]]"
Iteration 288,"[[1.175761772853186, 0.3792325056433427, 0.5291089108910902, -0.843023255813953, -0.8428571428571424], [0.12686980609418377, 0.512866817155757, -0.5994059405940592, -0.5130590339892664, 0.4821428571428579]]"
Iteration 289,"[[1.174861878453039, 0.3758503401360563, 0.5308300395256927, -0.8424731182795693, -0.8434333958724198], [0.13314917127071915, 0.5114512471655337, -0.5997035573122527, -0.5139784946236559, 0.4812382739212015]]"
Iteration 290,"[[1.174861878453039, 0.3755656108597304, 0.5313861386138624, -0.8424731182795693, -0.8434333958724198], [0.13314917127071915, 0.5101809954751139, -0.6007920792079207, -0.5139784946236559, 0.4812382739212015]]"
Iteration 291,"[[1.1746556473829204, 0.37392290249433296, 0.5313861386138624, -0.8424731182795693, -0.8434333958724198], [0.13498622589531775, 0.5095238095238103, -0.6007920792079207, -0.5139784946236559, 0.4812382739212015]]"
Iteration 292,"[[1.1735537190082646, 0.37261363636363826, 0.533003952569171, -0.8418312387791735, -0.8441011235955052], [0.13842975206611663, 0.5094318181818189, -0.60098814229249, -0.5149012567324954, 0.4803370786516861]]"
Iteration 293,"[[1.1735537190082646, 0.37261363636363826, 0.533003952569171, -0.8418312387791735, -0.8441011235955052], [0.13842975206611663, 0.5094318181818189, -0.60098814229249, -0.5149012567324954, 0.4803370786516861]]"
Iteration 294,"[[1.1724657534246576, 0.36856492027335047, 0.533003952569171, -0.8410971223021577, -0.8460674157303367], [0.14095890410958997, 0.5100227790432809, -0.60098814229249, -0.5158273381294963, 0.47855805243445765]]"
Iteration 295,"[[1.1716438356164385, 0.3646590909090928, 0.5345167652859971, -0.8423423423423418, -0.8472795497185738], [0.1445205479452064, 0.5093181818181826, -0.601084812623274, -0.5166666666666666, 0.4777673545966236]]"
Iteration 296,"[[1.1716438356164385, 0.363235294117649, 0.5349802371541512, -0.841516245487364, -0.8493433395872417], [0.1445205479452064, 0.5088235294117653, -0.602173913043478, -0.5175992779783393, 0.47617260787992566]]"
Iteration 297,"[[1.1716438356164385, 0.3619638826185121, 0.5349802371541512, -0.841516245487364, -0.8505639097744357], [0.1445205479452064, 0.5094808126410841, -0.602173913043478, -0.5175992779783393, 0.4755639097744368]]"
Iteration 298,"[[1.171311475409836, 0.35914221218961817, 0.5349802371541512, -0.8405967450271242, -0.8527255639097742], [0.14617486338797908, 0.5094808126410842, -0.602173913043478, -0.5185352622061482, 0.47415413533834655]]"
Iteration 299,"[[1.1700272479564031, 0.35509049773755846, 0.5363905325443797, -0.8395833333333328, -0.8549812030075186], [0.15081743869209904, 0.5093891402714938, -0.6021696252465482, -0.5194746376811593, 0.4728383458646624]]"
Iteration 300,"[[1.171311475409836, 0.35383747178329755, 0.5367125984251978, -0.8384754990925584, -0.857330827067669], [0.1515027322404381, 0.5097065462753957, -0.6011811023622045, -0.5204174228675135, 0.47161654135338416]]"
Iteration 301,"[[1.1705163043478262, 0.34954751131221906, 0.5367125984251978, -0.8372727272727266, -0.8597744360902255], [0.15461956521739226, 0.508936651583711, -0.6011811023622045, -0.5213636363636363, 0.470488721804512]]"
Iteration 302,"[[1.1705163043478262, 0.34830699774266555, 0.5367125984251978, -0.8372727272727266, -0.8610169491525423], [0.15461956521739226, 0.5090293453724611, -0.6011811023622045, -0.5213636363636363, 0.47033898305084815]]"
Iteration 303,"[[1.169836956521739, 0.3457110609480831, 0.5380157170923389, -0.8372727272727266, -0.8622641509433963], [0.1577445652173923, 0.5088036117381496, -0.6010805500982316, -0.5213636363636363, 0.47028301886792523]]"
Iteration 304,"[[1.169836956521739, 0.3444943820224738, 0.5383858267716546, -0.8372727272727266, -0.8635160680529301], [0.1577445652173923, 0.5074157303370792, -0.6021653543307085, -0.5213636363636363, 0.47032136105860184]]"
Iteration 305,"[[1.1693766937669376, 0.34080717488789425, 0.5396449704142021, -0.8372727272727266, -0.8647727272727274], [0.15921409214092236, 0.5053811659192831, -0.6031558185404338, -0.5213636363636363, 0.4704545454545462]]"
Iteration 306,"[[1.1688679245283018, 0.3362921348314625, 0.5396449704142021, -0.8372727272727266, -0.866034155597723], [0.16293800539083658, 0.5034831460674163, -0.6031558185404338, -0.5213636363636363, 0.47068311195445994]]"
Iteration 307,"[[1.1689189189189189, 0.3350896860986565, 0.5408464566929144, -0.8372727272727266, -0.8673003802281369], [0.16472972972973074, 0.5030269058295971, -0.6029527559055116, -0.5213636363636363, 0.4710076045627383]]"
Iteration 308,"[[1.167520215633423, 0.33318385650224397, 0.5408464566929144, -0.8372727272727266, -0.8685714285714287], [0.16442048517520316, 0.5034753363228706, -0.6029527559055116, -0.5213636363636363, 0.47142857142857214]]"
Iteration 309,"[[1.167520215633423, 0.3299554565701577, 0.5420118343195277, -0.8372727272727266, -0.8711281070745699], [0.16442048517520316, 0.5006681514476621, -0.6039447731755422, -0.5213636363636363, 0.4725621414913965]]"
Iteration 310,"[[1.166263440860215, 0.32795100222717327, 0.5420118343195277, -0.8372727272727266, -0.8724137931034485], [0.16438172043010854, 0.5005567928730519, -0.6039447731755422, -0.5213636363636363, 0.47327586206896627]]"
Iteration 311,"[[1.1651474530831099, 0.3258351893095786, 0.5420118343195277, -0.8372727272727266, -0.8737044145873323], [0.1646112600536203, 0.5001113585746109, -0.6039447731755422, -0.5213636363636363, 0.4740882917466418]]"
Iteration 312,"[[1.1627999999999998, 0.32114093959731727, 0.5431102362204735, -0.8372727272727266, -0.8750000000000002], [0.16853333333333434, 0.4993288590604033, -0.6036417322834643, -0.5213636363636363, 0.4750000000000007]]"
Iteration 313,"[[1.1613456464379943, 0.3140765765765784, 0.544181459566076, -0.8372727272727266, -0.8750000000000002], [0.17519788918205909, 0.49527027027027093, -0.6046351084812621, -0.5213636363636363, 0.4750000000000007]]"
Iteration 314,"[[1.1613456464379943, 0.3140765765765784, 0.544181459566076, -0.8372727272727266, -0.8750000000000002], [0.17519788918205909, 0.49527027027027093, -0.6046351084812621, -0.5213636363636363, 0.4750000000000007]]"
Iteration 315,"[[1.1605820105820102, 0.3140765765765784, 0.5459645669291349, -0.8372727272727266, -0.8750000000000002], [0.1776455026455037, 0.49527027027027093, -0.6049212598425194, -0.5213636363636363, 0.4750000000000007]]"
Iteration 316,"[[1.1605820105820102, 0.3140765765765784, 0.5459645669291349, -0.8372727272727266, -0.8750000000000002], [0.1776455026455037, 0.49527027027027093, -0.6049212598425194, -0.5213636363636363, 0.4750000000000007]]"
Iteration 317,"[[1.1608753315649865, 0.31426966292135017, 0.5472440944881901, -0.8372727272727266, -0.8750000000000002], [0.1791777188328923, 0.49404494382022535, -0.6056102362204722, -0.5213636363636363, 0.4750000000000007]]"
Iteration 318,"[[1.1602393617021276, 0.31367713004484493, 0.5499015748031506, -0.8372727272727266, -0.8750000000000002], [0.18151595744680954, 0.49271300448430555, -0.606791338582677, -0.5213636363636363, 0.4750000000000007]]"
Iteration 319,"[[1.1599469496021217, 0.3120224719101142, 0.5499015748031506, -0.8372727272727266, -0.8750000000000002], [0.18342175066313104, 0.4917977528089894, -0.606791338582677, -0.5213636363636363, 0.4750000000000007]]"
Iteration 320,"[[1.1595238095238094, 0.3104729729729748, 0.5499015748031506, -0.8372727272727266, -0.8750000000000002], [0.1850529100529111, 0.4911036036036042, -0.606791338582677, -0.5213636363636363, 0.4750000000000007]]"
Iteration 321,"[[1.158970976253298, 0.30902934537246235, 0.5499015748031506, -0.8372727272727266, -0.8750000000000002], [0.1864116094986818, 0.49063205417607286, -0.606791338582677, -0.5213636363636363, 0.4750000000000007]]"
Iteration 322,"[[1.1577836411609497, 0.30769230769230954, 0.5514734774066808, -0.8372727272727266, -0.8750000000000002], [0.18970976253298266, 0.49038461538461603, -0.6068762278978387, -0.5213636363636363, 0.4750000000000007]]"
Iteration 323,"[[1.156973684210526, 0.3041760722347649, 0.5514734774066808, -0.8385245901639339, -0.8762042389210022], [0.19052631578947474, 0.4900677200902941, -0.6068762278978387, -0.5221311475409834, 0.47408477842003927]]"
Iteration 324,"[[1.1573878627968335, 0.30247191011236146, 0.5532416502946966, -0.8385245901639339, -0.8774131274131276], [0.1919525065963071, 0.4896629213483152, -0.6073673870333984, -0.5221311475409834, 0.473262548262549]]"
Iteration 325,"[[1.1567282321899732, 0.2995505617977547, 0.5547058823529424, -0.8385245901639339, -0.87862669245648], [0.19604221635884006, 0.4894382022471916, -0.6073529411764702, -0.5221311475409834, 0.47253384912959456]]"
Iteration 326,"[[1.1557894736842103, 0.297191011235957, 0.5560903732809441, -0.8372727272727266, -0.8798449612403103], [0.19657894736842207, 0.490337078651686, -0.6073673870333985, -0.5222727272727272, 0.4718992248062023]]"
Iteration 327,"[[1.1553805774278212, 0.29438202247191203, 0.5560903732809441, -0.8372727272727266, -0.8810679611650488], [0.19829396325459425, 0.49011235955056237, -0.6073673870333985, -0.5222727272727272, 0.4713592233009716]]"
Iteration 328,"[[1.1548429319371725, 0.2905829596412576, 0.5560903732809441, -0.8384335154826952, -0.8822957198443582], [0.19973821989528903, 0.48878923766816207, -0.6073673870333985, -0.5231329690346083, 0.47091439688716025]]"
Iteration 329,"[[1.1537859007832894, 0.28834080717488986, 0.5560903732809441, -0.8384335154826952, -0.8835282651072127], [0.2000000000000011, 0.48957399103139077, -0.6073673870333985, -0.5231329690346083, 0.47056530214425024]]"
Iteration 330,"[[1.152872062663185, 0.2845637583892637, 0.5574509803921581, -0.8384335154826952, -0.88600782778865], [0.2031331592689305, 0.4895973154362422, -0.607254901960784, -0.5231329690346083, 0.47015655577299487]]"
Iteration 331,"[[1.152872062663185, 0.2833705357142876, 0.5574509803921581, -0.8384335154826952, -0.8872549019607845], [0.2031331592689305, 0.4896205357142862, -0.607254901960784, -0.5231329690346083, 0.470098039215687]]"
Iteration 332,"[[1.1534031413612562, 0.2818888888888908, 0.5590196078431385, -0.8384335154826952, -0.888506876227898], [0.20445026178010575, 0.4882222222222228, -0.6076470588235292, -0.5231329690346083, 0.47013752455795754]]"
Iteration 333,"[[1.1522135416666661, 0.27666666666666856, 0.5590196078431385, -0.8384335154826952, -0.8910256410256413], [0.20716145833333433, 0.4866666666666672, -0.6076470588235292, -0.5231329690346083, 0.4705128205128213]]"
Iteration 334,"[[1.1510389610389606, 0.27455555555555744, 0.5590196078431385, -0.8384335154826952, -0.8922924901185773], [0.2071428571428581, 0.4868888888888894, -0.6076470588235292, -0.5231329690346083, 0.4708498023715422]]"
Iteration 335,"[[1.1503896103896099, 0.270731707317075, 0.5602739726027409, -0.8384335154826952, -0.8948412698412701], [0.21051948051948158, 0.48503325942350384, -0.607436399217221, -0.5231329690346083, 0.4718253968253976]]"
Iteration 336,"[[1.1496093749999996, 0.2676211453744512, 0.5633072407045021, -0.8384335154826952, -0.8974103585657373], [0.21289062500000103, 0.4820484581497802, -0.6085127201565554, -0.5231329690346083, 0.47320717131474177]]"
Iteration 337,"[[1.1487012987012983, 0.2653083700440547, 0.5633072407045021, -0.8384335154826952, -0.8987025948103795], [0.2135064935064945, 0.48116740088105786, -0.6085127201565554, -0.5231329690346083, 0.4740518962075856]]"
Iteration 338,"[[1.1476744186046508, 0.26114790286975903, 0.5633072407045021, -0.8384335154826952, -0.9000000000000002], [0.21666666666666762, 0.4785871964679918, -0.6085127201565554, -0.5231329690346083, 0.47500000000000075]]"
Iteration 339,"[[1.1476744186046508, 0.26114790286975903, 0.5633072407045021, -0.8384335154826952, -0.9000000000000002], [0.21666666666666762, 0.4785871964679918, -0.6085127201565554, -0.5231329690346083, 0.47500000000000075]]"
Iteration 340,"[[1.1470129870129866, 0.26114790286975903, 0.5674804687500011, -0.8371818181818176, -0.9000000000000002], [0.22064935064935157, 0.4785871964679918, -0.6082031249999996, -0.5233636363636363, 0.47500000000000075]]"
Iteration 341,"[[1.1457364341085268, 0.2583148558758333, 0.5674804687500011, -0.8371818181818176, -0.9000000000000002], [0.22325581395348934, 0.47749445676275015, -0.6082031249999996, -0.5233636363636363, 0.47500000000000075]]"
Iteration 342,"[[1.1453488372093021, 0.2568432671081696, 0.57029411764706, -0.8371818181818176, -0.9000000000000002], [0.22480620155038855, 0.4739514348785878, -0.610490196078431, -0.5233636363636363, 0.47500000000000075]]"
Iteration 343,"[[1.1453488372093021, 0.2568432671081696, 0.57029411764706, -0.8371818181818176, -0.9000000000000002], [0.22480620155038855, 0.4739514348785878, -0.610490196078431, -0.5233636363636363, 0.47500000000000075]]"
Iteration 344,"[[1.1441860465116276, 0.25542035398230273, 0.5718199608610579, -0.8371818181818176, -0.9000000000000002], [0.2282945736434118, 0.47334070796460237, -0.610469667318982, -0.5233636363636363, 0.47500000000000075]]"
Iteration 345,"[[1.1441860465116276, 0.25542035398230273, 0.5718199608610579, -0.8371818181818176, -0.9000000000000002], [0.2282945736434118, 0.47334070796460237, -0.610469667318982, -0.5233636363636363, 0.47500000000000075]]"
Iteration 346,"[[1.1415384615384614, 0.25178173719376573, 0.5718199608610579, -0.8371818181818176, -0.9000000000000002], [0.23038461538461633, 0.4731625835189316, -0.610469667318982, -0.5233636363636363, 0.47500000000000075]]"
Iteration 347,"[[1.1416452442159382, 0.25178173719376573, 0.5728515625000011, -0.8371818181818176, -0.9000000000000002], [0.23200514138817577, 0.4731625835189316, -0.6100585937499996, -0.5233636363636363, 0.47500000000000075]]"
Iteration 348,"[[1.1416452442159382, 0.25122222222222407, 0.5739726027397272, -0.8371818181818176, -0.9000000000000002], [0.23200514138817577, 0.47177777777777846, -0.6109589041095886, -0.5233636363636363, 0.47500000000000075]]"
Iteration 349,"[[1.1404884318766064, 0.24988864142539158, 0.5768101761252459, -0.8359346642468233, -0.9000000000000002], [0.2350899742930601, 0.4713808463251677, -0.6106653620352247, -0.5236842105263156, 0.47500000000000075]]"
Iteration 350,"[[1.1398717948717947, 0.2484375000000018, 0.5768101761252459, -0.8359346642468233, -0.9000000000000002], [0.23653846153846247, 0.4706473214285721, -0.6106653620352247, -0.5236842105263156, 0.47500000000000075]]"
Iteration 351,"[[1.138265306122449, 0.24585201793722153, 0.5768101761252459, -0.8359346642468233, -0.9000000000000002], [0.23839285714285804, 0.47006726457399167, -0.6106653620352247, -0.5236842105263156, 0.47500000000000075]]"
Iteration 352,"[[1.138265306122449, 0.24585201793722153, 0.5768101761252459, -0.8359346642468233, -0.9000000000000002], [0.23839285714285804, 0.47006726457399167, -0.6106653620352247, -0.5236842105263156, 0.47500000000000075]]"
Iteration 353,"[[1.138265306122449, 0.24585201793722153, 0.5768101761252459, -0.8359346642468233, -0.9000000000000002], [0.23839285714285804, 0.47006726457399167, -0.6106653620352247, -0.5236842105263156, 0.47500000000000075]]"
Iteration 354,"[[1.1361892583120206, 0.24473094170403767, 0.5804687500000012, -0.8359346642468233, -0.9000000000000002], [0.2429667519181595, 0.4689461883408078, -0.6115234374999997, -0.5236842105263156, 0.47500000000000075]]"
Iteration 355,"[[1.1355498721227621, 0.24348314606741753, 0.5813840155945431, -0.8349637681159414, -0.9012024048096194], [0.24526854219948946, 0.46876404494382085, -0.6110136452241712, -0.5227355072463766, 0.475951903807616]]"

Communication Ranges
Iteration 1,"[1.1425254737887947, 1.1258860370677581, 1.0914165615199176, 0.9111720284442026, 1.037935397057301]"
Iteration 2,"[1.1427027766751534, 1.1259453885564694, 1.0911973130068755, 0.9093025934134535, 1.0373869057411567]"
Iteration 3,"[1.1428741734797738, 1.1259958016635085, 1.090976376740225, 0.9074340762633404, 1.036857513692293]"
Iteration 4,"[1.1430399208574875, 1.1260335118341762, 1.0907465963069292, 0.9055666915023599, 1.0363466834645485]"
Iteration 5,"[1.1431965907312853, 1.1260773427958017, 1.0905132550011831, 0.9037001867422675, 1.0358579312889116]"
Iteration 6,"[1.1433480681362436, 1.12612943303802, 1.0902810129739686, 0.9018359522146809, 1.0353906319894701]"
Iteration 7,"[1.1434873545428772, 1.1261957941793488, 1.0900545457423396, 0.8999735501504798, 1.034949467626339]"
Iteration 8,"[1.1436177637658136, 1.126270288157751, 1.0898284873241233, 0.898113856654378, 1.0345326858919104]"
Iteration 9,"[1.1437438418064891, 1.1263311503091653, 1.0896071289387486, 0.8962572779735373, 1.034138981135564]"
Iteration 10,"[1.1438591347809377, 1.1263787534267609, 1.0893898443897108, 0.8944041308227572, 1.033767572778357]"
Iteration 11,"[1.1439705655697077, 1.126416699575421, 1.0891760590338502, 0.8925543896912201, 1.0333788645868514]"
Iteration 12,"[1.1440782597538168, 1.126449510581776, 1.0889558349968782, 0.8907090782575342, 1.0329661725640344]"
Iteration 13,"[1.144182336243742, 1.1264732430312137, 1.0887362388621509, 0.8888688607725145, 1.0325252592740581]"
Iteration 14,"[1.1442780211979608, 1.1264903698978077, 1.0885104356283029, 0.8870337367301787, 1.0320512807802265]"
Iteration 15,"[1.144360997999635, 1.1265340471276795, 1.0882873905249582, 0.8852046833141255, 1.0315368947688448]"
Iteration 16,"[1.1444377347129198, 1.1265901611748492, 1.0880579251282108, 0.8833824022944826, 1.030982461203674]"
Iteration 17,"[1.1445105947198015, 1.1266626496980825, 1.0878249115917717, 0.8815670492482134, 1.0304683584318974]"
Iteration 18,"[1.1445810489840922, 1.1267386647001036, 1.0875924863733135, 0.8797597387981481, 1.0299908941281861]"
Iteration 19,"[1.1446437840998789, 1.12681324984636, 1.0873625635353255, 0.8779613991828266, 1.02954032443657]"
Iteration 20,"[1.144699098520288, 1.126886964010517, 1.08712863966651, 0.8761726068374249, 1.0290918852069335]"
Iteration 21,"[1.1447525246399677, 1.1269668879146946, 1.086904332554322, 0.8743943340137353, 1.028644698436668]"
Iteration 22,"[1.144797837929692, 1.127045116550398, 1.0866651302234438, 0.8726269291309976, 1.0281975496109967]"
Iteration 23,"[1.1448244167877741, 1.1271311164001891, 1.0864227239134345, 0.8708714268852361, 1.0277481517940354]"
Iteration 24,"[1.1448436544621372, 1.127219487008623, 1.0861764690941038, 0.8691279940915395, 1.0272962698391002]"
Iteration 25,"[1.144862337759011, 1.1272999932881198, 1.085929574369765, 0.8673976640548924, 1.02685259713013]"
Iteration 26,"[1.1448804973131956, 1.127372828217245, 1.085683766701241, 0.8656819800065978, 1.0264477043720845]"
Iteration 27,"[1.1448869861503437, 1.1274437672585211, 1.0854374359868977, 0.8639813659952594, 1.0260787384305894]"
Iteration 28,"[1.1448860374156282, 1.127514749412845, 1.0851831534757441, 0.8622966148061061, 1.0257365492652366]"
Iteration 29,"[1.144883329589269, 1.127579001403093, 1.0849239892999933, 0.8606292488505894, 1.0254144102692082]"
Iteration 30,"[1.144873584338508, 1.1276496837384118, 1.0846569863273658, 0.8589798616526116, 1.0251089883235005]"
Iteration 31,"[1.1448607831184254, 1.1277189032743764, 1.0843885276655696, 0.8573499095845271, 1.0248136492722464]"
Iteration 32,"[1.1448368614698683, 1.1277931858189436, 1.084108117389219, 0.8557398965177212, 1.0245227856755739]"
Iteration 33,"[1.1448054938640286, 1.1278575412270475, 1.083826557474175, 0.8541512049739791, 1.0242333782352604]"
Iteration 34,"[1.1447673288974867, 1.1279258448488971, 1.0835424914027927, 0.8525847506363371, 1.02394479533255]"
Iteration 35,"[1.1447257655308227, 1.1279946838957133, 1.0832537812795564, 0.8510414975134185, 1.0236550260595163]"
Iteration 36,"[1.144670945588289, 1.1280642426679508, 1.0829634044236869, 0.8495222893481555, 1.0233595304450716]"
Iteration 37,"[1.1446178589433382, 1.1281323587633885, 1.0826747340452598, 0.8480278301312751, 1.0230594227502978]"
Iteration 38,"[1.1445581563559708, 1.1282068415121658, 1.0823893061605365, 0.8465586654343275, 1.0227540330361773]"
Iteration 39,"[1.1444916773498501, 1.128282334734302, 1.082089358783317, 0.8451151794974019, 1.0224424452485772]"
Iteration 40,"[1.144408704370561, 1.1283562684346735, 1.0817987367868138, 0.8436969450225433, 1.022123092791609]"
Iteration 41,"[1.144323883434393, 1.12842730071919, 1.081497618773597, 0.8423036115340129, 1.021797413178497]"
Iteration 42,"[1.144241677723216, 1.128493224166269, 1.0811988716757808, 0.8409340833228989, 1.021464426781382]"
Iteration 43,"[1.1441543494832154, 1.1285619445971944, 1.0809010069544391, 0.8395865820694783, 1.0211245336708445]"
Iteration 44,"[1.144058299191735, 1.1286273290236168, 1.0805939417510482, 0.8382589253164404, 1.0207783751223882]"
Iteration 45,"[1.1439542342314237, 1.1286982733215012, 1.0802852450268563, 0.8369469579070935, 1.0204257428012626]"
Iteration 46,"[1.1438465411082483, 1.1287609038790587, 1.0799732634050023, 0.8356452144642679, 1.0200671960228906]"
Iteration 47,"[1.1437281274935767, 1.1288277907319775, 1.0796613891611244, 0.8343477806980988, 1.0197017201707796]"
Iteration 48,"[1.1436110651914626, 1.128888207500691, 1.0793431499134416, 0.8330456363346843, 1.0193301656252247]"
Iteration 49,"[1.1434845438820918, 1.1289529182201208, 1.0790268031318682, 0.8317296871377334, 1.018952920783667]"
Iteration 50,"[1.1433582389004875, 1.129006475437382, 1.0787060101467372, 0.8303895487539643, 1.0185692723435196]"
Iteration 51,"[1.1432302762063236, 1.1290580426651977, 1.078388776656354, 0.8290284839361302, 1.0181795329052117]"
Iteration 52,"[1.1430935086694414, 1.1291156202054298, 1.0780735966469863, 0.8276674889616075, 1.0177859019290445]"
Iteration 53,"[1.1429515852902135, 1.1291712401351426, 1.0777562018481126, 0.8262959722622343, 1.0173858594768346]"
Iteration 54,"[1.1428057153740887, 1.1292245710045268, 1.077439972286131, 0.8249109998213332, 1.016982333235032]"
Iteration 55,"[1.142659487904341, 1.1292795564523121, 1.0771198655449874, 0.8235058228655452, 1.016574900084479]"
Iteration 56,"[1.1425008208462717, 1.1293350547246752, 1.0767934351422566, 0.8220781594670127, 1.0161624497600352]"
Iteration 57,"[1.1423392968821127, 1.1293840970064335, 1.0764721289770165, 0.8206607802447177, 1.0157462628106466]"
Iteration 58,"[1.1421824364998567, 1.1294254893869708, 1.0761349778365636, 0.819237202276106, 1.0153266816022326]"
Iteration 59,"[1.1420210093465655, 1.129471136703265, 1.0757907258998916, 0.8177867464903112, 1.0149059820104136]"
Iteration 60,"[1.1418578498796577, 1.1295203407578671, 1.0754569277198833, 0.8163537560179795, 1.0144826605076591]"
Iteration 61,"[1.1416879075995112, 1.1295694219311003, 1.0751043101770046, 0.8149971325023917, 1.0140550899807996]"
Iteration 62,"[1.1415174823820093, 1.1296001903319546, 1.0747502330929766, 0.813698924267547, 1.0136255099642975]"
Iteration 63,"[1.1413418266659507, 1.1296388966561388, 1.074406895003224, 0.8124442478143638, 1.0131938129250062]"
Iteration 64,"[1.1411686067272084, 1.1296765990110955, 1.074043448397084, 0.811223782469284, 1.0127602045070874]"
Iteration 65,"[1.140988070647615, 1.1297106566915984, 1.0736910066380303, 0.8100226142216355, 1.0123251503773738]"
Iteration 66,"[1.140805860965283, 1.1297351182239666, 1.0733489808034484, 0.8087987782041566, 1.0118875095035833]"
Iteration 67,"[1.1406190249531998, 1.1297604719437053, 1.0729987972560227, 0.8075428401560892, 1.0114480741872736]"
Iteration 68,"[1.1404309318771824, 1.1297903378677328, 1.0726445798083346, 0.8062489173667179, 1.0110079586048961]"
Iteration 69,"[1.1402392132778616, 1.1298191427011681, 1.0722892015337102, 0.804914438764635, 1.0105673712050158]"
Iteration 70,"[1.1400528997400985, 1.1298377510896147, 1.0719348420803778, 0.8035359820710338, 1.0101246510231259]"
Iteration 71,"[1.139867676352523, 1.1298546416147863, 1.071572447622953, 0.8021228957862971, 1.0096818262091156]"
Iteration 72,"[1.1396851095684681, 1.129861567060726, 1.0712155409635995, 0.8006725163889341, 1.0092375382237442]"
Iteration 73,"[1.1395080941077536, 1.129861082337023, 1.070863284528635, 0.7991803159580055, 1.0087895053756706]"
Iteration 74,"[1.139336254301268, 1.1298559419695742, 1.0704959861670187, 0.7976639183880327, 1.0083416696714533]"
Iteration 75,"[1.1391686994875887, 1.1298446842935852, 1.070129455147522, 0.796126396516387, 1.007895070653853]"
Iteration 76,"[1.1389901879506261, 1.1298309180745052, 1.0697682504539192, 0.7945677787126025, 1.0074488307215752]"
Iteration 77,"[1.1387860570888684, 1.129838028910467, 1.0693912368861085, 0.792973328237801, 1.0069982935114044]"
Iteration 78,"[1.138588073638792, 1.1298306856315417, 1.0690154824191316, 0.7913615632926944, 1.0065452186255928]"
Iteration 79,"[1.138396087508027, 1.1298176275208307, 1.068633423293326, 0.7897363042387884, 1.0060930277233773]"
Iteration 80,"[1.1381964373367215, 1.1298135977612616, 1.0682505648489522, 0.7881014127070815, 1.005641060997158]"
Iteration 81,"[1.1379918178847754, 1.1298095253541791, 1.0678679527469006, 0.7864540759990687, 1.0051885226500659]"
Iteration 82,"[1.1377900951907773, 1.1297967971937166, 1.0674761718168326, 0.7847943575938192, 1.0047339640344155]"
Iteration 83,"[1.1375901756126396, 1.129784562832775, 1.0670879281330838, 0.7831290948745225, 1.0042792339683162]"
Iteration 84,"[1.1373963801457463, 1.1297676048287357, 1.0666950055896622, 0.7814609696529338, 1.0038249100913186]"
Iteration 85,"[1.1372085012619728, 1.1297447146854298, 1.0663058683909146, 0.7797867652738102, 1.0033707612703262]"
Iteration 86,"[1.1370090172561713, 1.1297320043323178, 1.0659123379432576, 0.7781111254745249, 1.0029163953747395]"
Iteration 87,"[1.136804063304324, 1.1297031174987529, 1.065521693241872, 0.7764314133308193, 1.0024617630131916]"
Iteration 88,"[1.1365957290426933, 1.1296830625944978, 1.0651349522425675, 0.7747518565600036, 1.0020080547157766]"
Iteration 89,"[1.136388596292505, 1.129654567674769, 1.064744227187083, 0.7730753071060916, 1.001555959147054]"
Iteration 90,"[1.1361868803790098, 1.1296195984637294, 1.0643290929848248, 0.7713996364371067, 1.0011042519613933]"
Iteration 91,"[1.1359838975676388, 1.1295889627285411, 1.063906690078133, 0.7697237783395434, 1.00065296096201]"
Iteration 92,"[1.1357810285228245, 1.1295484967918132, 1.0634884757433114, 0.7680526266590043, 1.0002027635539308]"
Iteration 93,"[1.1355840460361601, 1.1295060939567552, 1.0630724749580935, 0.7663870690378888, 0.9997531167457879]"
Iteration 94,"[1.1353902695069122, 1.129458993849468, 1.0626503232182407, 0.7647275778719789, 0.9993037377229245]"
Iteration 95,"[1.1351999047092902, 1.1294084941253015, 1.0622171249984496, 0.7630738853490189, 0.9988545458616921]"
Iteration 96,"[1.1350067715294865, 1.1293559507726978, 1.0617883629429852, 0.7614273813819957, 0.9984063325079304]"
Iteration 97,"[1.1348144975433716, 1.1292976664356338, 1.061362789452346, 0.7597825665450095, 0.9979571233970278]"
Iteration 98,"[1.1346205172251511, 1.1292400515743994, 1.060931574573828, 0.7581501771221143, 0.9975107805040144]"
Iteration 99,"[1.134430958247875, 1.1291804656561966, 1.0604986373069651, 0.756518765882046, 0.9970633033305095]"
Iteration 100,"[1.134237939509012, 1.129111258109261, 1.0600558499167507, 0.7548993397552871, 0.9966188389320728]"
Iteration 101,"[1.1340442590961626, 1.1290425088025116, 1.0596150566150795, 0.7532896707907755, 0.9961760579690133]"
Iteration 102,"[1.1338524551987637, 1.1289701245112793, 1.0591656179695432, 0.7516872249205689, 0.9957341642945351]"
Iteration 103,"[1.1336663890648517, 1.1289042699508993, 1.0587108298686958, 0.7500934265032967, 0.9952927783837343]"
Iteration 104,"[1.133485701592807, 1.1288299113969278, 1.0582416949718196, 0.7485088661488577, 0.9948519048229125]"
Iteration 105,"[1.1333015926430254, 1.128758000023033, 1.0577799598724604, 0.7469358555322134, 0.9944138278897878]"
Iteration 106,"[1.1331177365337548, 1.1286851885216587, 1.0573010940347034, 0.7453732000727052, 0.993975480828026]"
Iteration 107,"[1.132931823141903, 1.128620617888115, 1.0568366637016993, 0.7438196435986674, 0.9935388792778785]"
Iteration 108,"[1.1327513757875216, 1.128546251082575, 1.0563698742646457, 0.7422785033525034, 0.9931043392853001]"
Iteration 109,"[1.132574642079482, 1.1284709455113395, 1.0558992210022664, 0.7407470111283743, 0.9926694790113517]"
Iteration 110,"[1.132397439878747, 1.1283859840203503, 1.0554183336012357, 0.7392249203626954, 0.9922384137100446]"
Iteration 111,"[1.132225448549725, 1.1283001282863783, 1.05493251400093, 0.7377157762533945, 0.9918104774966863]"
Iteration 112,"[1.132057988993507, 1.1282094602553325, 1.0544368569311908, 0.7362158359407844, 0.9913817673308546]"
Iteration 113,"[1.1318914130588675, 1.1281208044338646, 1.0539461242940766, 0.7347276344909947, 0.9909543437157371]"
Iteration 114,"[1.131717693442696, 1.1280267422833017, 1.0534429469318907, 0.7332515882378462, 0.9905273101137133]"
Iteration 115,"[1.131541711693155, 1.1279371750106069, 1.0529450860808298, 0.7317891696061584, 0.9901014051480909]"
Iteration 116,"[1.1313709368326803, 1.1278442210413357, 1.0524541087059953, 0.7303339121002617, 0.9896765449681206]"
Iteration 117,"[1.131202277799145, 1.1277406457937829, 1.0519514821279434, 0.7288988412397113, 0.9892533210369753]"
Iteration 118,"[1.1310386392920804, 1.1276403780565019, 1.0514466368109197, 0.7274789176389924, 0.9888317309588287]"
Iteration 119,"[1.130877911352366, 1.1275288923508051, 1.050931163148986, 0.7260717183116367, 0.98840948951534]"
Iteration 120,"[1.1307146018527168, 1.1274138257992, 1.050422798520105, 0.7246749082297015, 0.9879887338472052]"
Iteration 121,"[1.1305552116203572, 1.127294292045221, 1.0498864700525554, 0.7232936362764737, 0.9875737172612439]"
Iteration 122,"[1.1304006214322706, 1.1271731534073965, 1.049347086620732, 0.7219290759361617, 0.9871623584007059]"
Iteration 123,"[1.1302507043022085, 1.1270524802992667, 1.048806178443452, 0.7205788632862572, 0.986746011176609]"
Iteration 124,"[1.1300925528398025, 1.1269345607631431, 1.0482648210749914, 0.7192434724623945, 0.9863329248527052]"
Iteration 125,"[1.129939161081755, 1.1268106920491232, 1.0477209039410944, 0.7179228828658802, 0.9859225342557156]"
Iteration 126,"[1.1297903993642973, 1.1266867301003236, 1.047193405153148, 0.7166178750328367, 0.9855147643083818]"
Iteration 127,"[1.1296407490712852, 1.126560325968254, 1.046660916720348, 0.7153292275366504, 0.9851068426109123]"
Iteration 128,"[1.1294928334887422, 1.126427201522096, 1.0461345031676659, 0.7140558134306039, 0.9846966648435549]"
Iteration 129,"[1.1293450434301404, 1.1262982255342164, 1.0456118579719293, 0.7127975456483916, 0.984289470872437]"
Iteration 130,"[1.1291959812640013, 1.126159699442964, 1.0450634029531938, 0.7115546345197913, 0.9838826424561009]"
Iteration 131,"[1.1290500403398573, 1.1260135476852913, 1.0445056362379943, 0.7103275925396253, 0.9834836690866489]"
Iteration 132,"[1.1289086449944032, 1.1258694630629882, 1.0439148986026288, 0.7091161286523459, 0.9830829941571082]"
Iteration 133,"[1.1287715901345485, 1.1257219969147279, 1.043325008432733, 0.707920546661191, 0.9826826660920527]"
Iteration 134,"[1.1286387528294735, 1.1255736976748743, 1.0427419311614503, 0.7067405843022465, 0.9822820565010822]"
Iteration 135,"[1.1285100126648524, 1.125421242309363, 1.0421491908003937, 0.7055762419289336, 0.9818817079174136]"
Iteration 136,"[1.1283858834097291, 1.125269276017128, 1.0415654085459214, 0.7044277413882545, 0.9814810782922043]"
Iteration 137,"[1.128265596652458, 1.125115990967048, 1.0409886952758671, 0.7032951146414431, 0.9810825607622354]"
Iteration 138,"[1.1281490398713816, 1.124957469075562, 1.040420688277592, 0.7021782723413248, 0.980682813807346]"
Iteration 139,"[1.1280361026783843, 1.1247932719948133, 1.0398509369756046, 0.7010770631275518, 0.9802841934726485]"
Iteration 140,"[1.1279266421125156, 1.1246230716430459, 1.039272067842821, 0.6999918433168383, 0.979891338370477]"
Iteration 141,"[1.127819574552537, 1.1244508946937448, 1.0386797571222808, 0.6989216099048717, 0.9795043903455105]"
Iteration 142,"[1.1277179247837146, 1.124274055681127, 1.0380791677192291, 0.6978818045556806, 0.979116357950144]"
Iteration 143,"[1.127616528765147, 1.1240977761362259, 1.0374686570661507, 0.6968783460971797, 0.9787273856176315]"
Iteration 144,"[1.1275182954749237, 1.1239195063767573, 1.0368573208814158, 0.6959058775760799, 0.9783350114373477]"
Iteration 145,"[1.127426726110187, 1.1237327420806336, 1.0362417842482703, 0.6949688051449251, 0.9779436605159478]"
Iteration 146,"[1.1273380549134489, 1.1235431793012187, 1.0356243213248244, 0.6940562671128918, 0.9775468622255342]"
Iteration 147,"[1.1272521942507994, 1.12335333711292, 1.035025533626872, 0.6931878543755572, 0.9771533356082828]"
Iteration 148,"[1.1271693484969996, 1.1231662056282234, 1.0344127710825948, 0.6923477823626144, 0.9767567054789821]"
Iteration 149,"[1.1270836632133339, 1.1229750867383632, 1.0337840400405782, 0.6915358158430737, 0.9763593716914086]"
Iteration 150,"[1.127000705063353, 1.1227795060735455, 1.0331687312500761, 0.6907583893638315, 0.9759652831470864]"
Iteration 151,"[1.1269188054582568, 1.1225790052777578, 1.0325369408927951, 0.6900016638455334, 0.9755732201894471]"
Iteration 152,"[1.1268395194907777, 1.1223731413567748, 1.0319083483008917, 0.6892716320363723, 0.9751872831577478]"
Iteration 153,"[1.1267627671662734, 1.1221689312904997, 1.0312883998480766, 0.6885691557805408, 0.9748018621736038]"
Iteration 154,"[1.126685940634081, 1.1219660141224097, 1.0306607174909526, 0.6878822770429248, 0.9744030090861512]"
Iteration 155,"[1.1266164543273363, 1.121759558410844, 1.0300438285837161, 0.6872170377297305, 0.973991839822422]"
Iteration 156,"[1.1265432264971895, 1.1215519816968207, 1.0294211028776883, 0.6865804897068024, 0.9735758541563453]"
Iteration 157,"[1.1264723476305305, 1.121342719883581, 1.0287973446434897, 0.6859685633528082, 0.973170531074578]"
Iteration 158,"[1.1264037447918915, 1.1211312261300488, 1.0281826825279883, 0.6853738896129513, 0.9727622799953934]"
Iteration 159,"[1.1263342442692128, 1.1209149234230564, 1.0275484136964348, 0.6847763030457795, 0.9723341321263475]"
Iteration 160,"[1.1262669771858973, 1.1206953859487294, 1.0269334437216, 0.684199534580313, 0.9719146233805813]"
Iteration 161,"[1.1262078896453744, 1.1204683483718523, 1.0263102758897515, 0.6836467919360629, 0.9715146141344309]"
Iteration 162,"[1.1261565271814853, 1.1202321053803563, 1.025686666024189, 0.683110806236879, 0.9711214972073268]"
Iteration 163,"[1.1261046881108812, 1.119998972792372, 1.0250447811361696, 0.6825909617714521, 0.9707411113059818]"
Iteration 164,"[1.1260545342313142, 1.1197685520133067, 1.0244133332944536, 0.6820851399449602, 0.9703679395151001]"
Iteration 165,"[1.126006010266667, 1.1195404485778238, 1.0237900782811398, 0.6815982611106145, 0.9700017931693211]"
Iteration 166,"[1.1259617025025452, 1.1193142804828202, 1.0231490861805512, 0.6811180932952925, 0.9696363774559928]"
Iteration 167,"[1.1259188421915454, 1.1190896768951708, 1.022527662851184, 0.6806595726772827, 0.9692862746930538]"
Iteration 168,"[1.1258838742535933, 1.118860128703466, 1.0219057728581982, 0.6802108016086251, 0.9689444267917359]"
Iteration 169,"[1.1258492508583529, 1.1186267795302935, 1.0212865709258971, 0.6797705921704084, 0.9686020297659921]"
Iteration 170,"[1.1258139660656845, 1.1183920963941847, 1.0206658148783683, 0.6793390780692827, 0.9682528658959455]"
Iteration 171,"[1.125779316530732, 1.1181555141351742, 1.0200435120294693, 0.6789205879428598, 0.96791288061695]"
Iteration 172,"[1.1257599362096806, 1.1179054617757846, 1.0194235588010836, 0.6785142063105649, 0.9675804796296628]"
Iteration 173,"[1.125741200229868, 1.1176527712931807, 1.0188226432160803, 0.678120221958703, 0.9672526607166854]"
Iteration 174,"[1.1257230875608506, 1.1173969158683066, 1.0182227549146032, 0.6777369029853475, 0.9669359043528296]"
Iteration 175,"[1.1257055787170813, 1.117145026440097, 1.0176331942551318, 0.6773650378699635, 0.9666279775555248]"
Iteration 176,"[1.125691478770044, 1.1168968439696485, 1.0170266562933246, 0.6770048182321837, 0.9663268284075471]"
Iteration 177,"[1.1256736415681745, 1.1166520988267787, 1.0164190584683979, 0.6766494863202192, 0.9660208068016075]"
Iteration 178,"[1.125656400952047, 1.1164103735806, 1.0158083559927242, 0.6763090560822277, 0.965725032123266]"
Iteration 179,"[1.1256357877332333, 1.1161712433145177, 1.0152097375745743, 0.6759776222436684, 0.9654327013501384]"
Iteration 180,"[1.1256197588070256, 1.1159297280254694, 1.0146080974607663, 0.6756435730763298, 0.965129639305221]"
Iteration 181,"[1.1256042655365799, 1.1156901632413672, 1.014015556162776, 0.6753152956871799, 0.9648312243773003]"
Iteration 182,"[1.1255881682410607, 1.1154521677631402, 1.013417859041848, 0.6750024561481787, 0.9645454149997109]"
Iteration 183,"[1.1255674880110993, 1.1152153670294636, 1.0128245819387303, 0.6746988001351633, 0.9642724756764729]"
Iteration 184,"[1.1255498796960892, 1.1149721247380309, 1.0122398674568243, 0.6744080063292245, 0.9640033496221425]"
Iteration 185,"[1.1255310244706538, 1.1147273743705655, 1.0116526312213587, 0.6741158957660989, 0.963724612111477]"
Iteration 186,"[1.125517510715027, 1.1144743691014516, 1.0110708653589902, 0.6738360406610041, 0.963452892257586]"
Iteration 187,"[1.1255044501582594, 1.1142189189426321, 1.010480155477147, 0.673558233942635, 0.9631873781025815]"
Iteration 188,"[1.1254883344934934, 1.1139604731236128, 1.0098999688510228, 0.6732920708798676, 0.9629315992833345]"
Iteration 189,"[1.1254790170566142, 1.1137028115473795, 1.0093103568440753, 0.6730268243519698, 0.9626856996471834]"
Iteration 190,"[1.1254745988068386, 1.1134417117713786, 1.008714727252433, 0.6727733113846776, 0.9624448337249346]"
Iteration 191,"[1.1254703339369396, 1.1131847133534587, 1.008118189046999, 0.6725186373057842, 0.9622024999834805]"
Iteration 192,"[1.1254662171476983, 1.1129313708620072, 1.007540177883326, 0.6722694298044785, 0.9619591956792835]"
Iteration 193,"[1.1254622433002621, 1.1126812488620275, 1.0069694316688844, 0.6720297626348212, 0.9617232801766812]"
Iteration 194,"[1.125455761107946, 1.1124329939372926, 1.0064049015825247, 0.6717945355367176, 0.9614877275527413]"
Iteration 195,"[1.1254463902817773, 1.112187139040356, 1.005838623832613, 0.6715625596783064, 0.9612531641045541]"
Iteration 196,"[1.125437336967226, 1.111943277895742, 1.005290012080605, 0.6713348837490314, 0.9610202495292449]"
Iteration 197,"[1.125428590323328, 1.111706837470431, 1.004758551665902, 0.6711162998113683, 0.960797163795937]"
Iteration 198,"[1.1254186509634423, 1.1114700472094745, 1.0042209205481711, 0.6709048973839583, 0.9605836033242402]"
Iteration 199,"[1.1254045204737764, 1.1112342988791029, 1.003694079135066, 0.6707019154793707, 0.9603800417164953]"
Iteration 200,"[1.1253908664192098, 1.1109992195835392, 1.0031734355287314, 0.670494735271019, 0.9601715993351069]"
Iteration 201,"[1.125375614796731, 1.1107600855614022, 1.0026594442936654, 0.6702903482192584, 0.9599577758947688]"
Iteration 202,"[1.1253613842966574, 1.1105155901841224, 1.0021254235695003, 0.670089755936295, 0.9597403245317371]"
Iteration 203,"[1.1253476281102808, 1.1102760152213083, 1.0016081437469806, 0.6698970422638262, 0.9595242488325972]"
Iteration 204,"[1.1253365894789296, 1.1100322053291898, 1.0010899304842158, 0.6697037353643891, 0.9593195321941796]"
Iteration 205,"[1.1253320014497938, 1.109774704022411, 1.000561437684551, 0.6695212555688907, 0.9591216654143956]"
Iteration 206,"[1.1253349771218575, 1.1095083733384434, 1.0000389474244158, 0.6693459109461212, 0.9589260949210914]"
Iteration 207,"[1.1253505891630513, 1.1092299684688023, 0.9995150476314582, 0.6691687309352, 0.958732695595935]"
Iteration 208,"[1.1253656870446385, 1.1089561334432592, 0.99899533933622, 0.6689960879901544, 0.9585352045896314]"
Iteration 209,"[1.125376188470153, 1.1086820081212632, 0.9984740947035436, 0.6688262844226809, 0.9583423288664544]"
Iteration 210,"[1.1253863423797454, 1.1084161925182934, 0.9979571366245384, 0.6686654610508089, 0.9581574211725382]"
Iteration 211,"[1.1253940741662123, 1.1081538979319847, 0.9974356806870139, 0.6685065930658152, 0.957977400658794]"
Iteration 212,"[1.1254015508584514, 1.1078899257229755, 0.9969300914566271, 0.6683539308875055, 0.9578028851811402]"
Iteration 213,"[1.1254087808417104, 1.1076236339341685, 0.9964196206655456, 0.6681938064963031, 0.9576188068032302]"
Iteration 214,"[1.1254139932537615, 1.1073598437795016, 0.9959129357191073, 0.6680345122929778, 0.9574341529810352]"
Iteration 215,"[1.1254190351405744, 1.1070986145677657, 0.995414308288876, 0.6678760630456639, 0.957256929311212]"
Iteration 216,"[1.1254201788739002, 1.1068335952588129, 0.9949134536239554, 0.6677252050930899, 0.9570874205907786]"
Iteration 217,"[1.1254212876582352, 1.1065642165216967, 0.9944311390982232, 0.6675749271488719, 0.9569183117863174]"
Iteration 218,"[1.125420905884029, 1.1062899288895272, 0.9939427431553493, 0.667431401544786, 0.9567582934493766]"
Iteration 219,"[1.1254205409565716, 1.1060098802533531, 0.9934795538688203, 0.6672880860520403, 0.9565968505236425]"
Iteration 220,"[1.1254258373973818, 1.1057050293623727, 0.9930302699674743, 0.6671502391148599, 0.9564359175822226]"
Iteration 221,"[1.1254369673284885, 1.1053935473596608, 0.9925835112016805, 0.6670128728824781, 0.9562775017755452]"
Iteration 222,"[1.1254495366240114, 1.1050739688902171, 0.9921418654355815, 0.6668807045557934, 0.9561220131986302]"
Iteration 223,"[1.1254652186339322, 1.1047465581982816, 0.9916992281214331, 0.6667535200369497, 0.9559710422253468]"
Iteration 224,"[1.125484035898884, 1.1044115682961537, 0.9912590820777414, 0.6666259017444883, 0.9558181295451237]"
Iteration 225,"[1.1255112759701713, 1.1040771328878456, 0.9908328861649536, 0.6664977441355798, 0.9556634580503272]"
Iteration 226,"[1.1255344805616623, 1.1037496462500884, 0.9904103345451712, 0.6663690151753058, 0.9555012243739502]"
Iteration 227,"[1.1255590445154062, 1.103423468802768, 0.9899898265459838, 0.6662446162914487, 0.9553404514030118]"
Iteration 228,"[1.1255827832944554, 1.1031033319391739, 0.9895826822647333, 0.6661248323508627, 0.9551818930805043]"
Iteration 229,"[1.1256071153045792, 1.1027843200082215, 0.9891884959884696, 0.6660094785842249, 0.9550262863630063]"
Iteration 230,"[1.1256360084828059, 1.102472067737538, 0.9887956563182312, 0.665892183645238, 0.9548687670968767]"
Iteration 231,"[1.125667714436928, 1.1021546158639355, 0.9883957183703684, 0.6657792093777624, 0.954722583697822]"
Iteration 232,"[1.1256990517800418, 1.1018382142621646, 0.9880085199873714, 0.6656703808621928, 0.9545806073223193]"
Iteration 233,"[1.125735202701459, 1.1015166648767658, 0.9876226690911555, 0.6655641685752162, 0.9544435276751799]"
Iteration 234,"[1.1257752407784531, 1.101190453736399, 0.9872491390668243, 0.6654565809935271, 0.9543038827306989]"
Iteration 235,"[1.1258137914707913, 1.1008709615156422, 0.9868875509424548, 0.6653529149570707, 0.9541697451720921]"
Iteration 236,"[1.1258473827537914, 1.1005470351445716, 0.9865109587234131, 0.6652511667354368, 0.9540418939993641]"
Iteration 237,"[1.125879846109247, 1.100226571888003, 0.9861464044880839, 0.6651478610575036, 0.9539127870350171]"
Iteration 238,"[1.1259148363303126, 1.0999016594920188, 0.9857935169689284, 0.6650483115843642, 0.9537914883499596]"
Iteration 239,"[1.1259486526002769, 1.0995794888764807, 0.9854519353712147, 0.664947091297677, 0.9536704023938498]"
Iteration 240,"[1.1259811580231922, 1.0992504242820231, 0.9850982270020674, 0.6648471781593052, 0.953558593209845]"
Iteration 241,"[1.126012575093255, 1.0989312533881448, 0.9847558546296177, 0.6647508730209818, 0.9534512524167649]"
Iteration 242,"[1.126042940763678, 1.0986138827467102, 0.984424466515909, 0.6646580368890092, 0.953353581352459]"
Iteration 243,"[1.1260802788313455, 1.098279900143198, 0.9840932054821259, 0.6645604440892585, 0.9532488222888833]"
Iteration 244,"[1.1261163663594411, 1.0979455633252946, 0.9837725855987844, 0.6644663514265666, 0.9531472451869758]"
Iteration 245,"[1.1261543505760836, 1.0976093635048234, 0.9834354433408302, 0.6643800622304461, 0.9530424465670118]"
Iteration 246,"[1.1261895506960375, 1.0972814879552837, 0.983109126629357, 0.6642968786760234, 0.9529418570247141]"
Iteration 247,"[1.1262293417096154, 1.0969464520668126, 0.9827830037265781, 0.6642080830805726, 0.9528305057206868]"
Iteration 248,"[1.1262678205939125, 1.0966185804966848, 0.9824673646487484, 0.6641224495338469, 0.9527179305501944]"
Iteration 249,"[1.126305022785764, 1.0962972927546673, 0.9821484785184503, 0.6640438222850278, 0.9526050126108008]"
Iteration 250,"[1.1263428608186075, 1.0959736532441875, 0.9818258041411324, 0.6639680095045518, 0.9524926056785438]"
Iteration 251,"[1.1263801801305624, 1.0956551136531398, 0.9815034377830323, 0.6638858417786173, 0.9523762420842912]"
Iteration 252,"[1.1264162575006675, 1.0953421441935383, 0.9811914424470684, 0.6638065941506773, 0.9522613470661555]"
Iteration 253,"[1.1264540514642118, 1.0950265473674567, 0.9808894941455536, 0.6637301575799502, 0.9521487310999109]"
Iteration 254,"[1.1264956849629555, 1.0947050869391266, 0.9805742342387281, 0.6636503520800945, 0.9520307989608493]"
Iteration 255,"[1.1265323008074726, 1.0943869277005551, 0.980254256410441, 0.663573384742447, 0.9519169943019481]"
Iteration 256,"[1.126567731873035, 1.0940686721262234, 0.9799445799941996, 0.6634938919504233, 0.9517996175882856]"
Iteration 257,"[1.1266085463149405, 1.093743183306997, 0.979644882169663, 0.6634119070423209, 0.9516783517796826]"
Iteration 258,"[1.1266480005677404, 1.0934214731313998, 0.9793322552673762, 0.6633309956563134, 0.9515630461878323]"
Iteration 259,"[1.126686140312119, 1.0931030313534122, 0.9790297020833316, 0.6632529524185089, 0.9514543916937256]"
Iteration 260,"[1.1267254598451835, 1.0927781422624785, 0.9787212091005126, 0.6631828837140126, 0.9513616104355404]"
Iteration 261,"[1.126764975032728, 1.0924494499233526, 0.9784226619802928, 0.6631152758568344, 0.9512765854576697]"
Iteration 262,"[1.126803137056141, 1.0921229581832377, 0.978133749739773, 0.6630500398091376, 0.951199963487251]"
Iteration 263,"[1.1268393985117584, 1.0918029681300123, 0.9778413914556331, 0.662984375032384, 0.9511178876078633]"
Iteration 264,"[1.126877435012023, 1.0914759724725398, 0.9775584719744786, 0.6629210171207373, 0.9510449845018268]"
Iteration 265,"[1.1269142083959165, 1.0911503265151754, 0.977275306378904, 0.6628598810147575, 0.9509904867027783]"
Iteration 266,"[1.1269550321679325, 1.0908090665653782, 0.9770012920788467, 0.662800884968217, 0.9509461563224281]"
Iteration 267,"[1.1269945016862732, 1.0904769064253614, 0.97673614018628, 0.6627491197292334, 0.950903636100743]"
Iteration 268,"[1.127034960808833, 1.0901469685841714, 0.9764670057120529, 0.6627011994275911, 0.9508631197390351]"
Iteration 269,"[1.1270713529170242, 1.0898152664753822, 0.9762159482047157, 0.6626549526058418, 0.9508163838393833]"
Iteration 270,"[1.1271102871743865, 1.0894814860185325, 0.97597302470573, 0.6626103181706149, 0.9507645001417124]"
Iteration 271,"[1.1271466797784124, 1.0891435024513625, 0.9757465034191787, 0.6625620454332939, 0.9506997524540098]"
Iteration 272,"[1.1271818754461778, 1.0888129570650906, 0.9755273352071349, 0.6625154452785728, 0.9506321965606288]"
Iteration 273,"[1.1272177419130458, 1.0884769361349032, 0.9753028106348961, 0.6624720209433629, 0.9505628096992615]"
Iteration 274,"[1.1272554933464416, 1.0881331029099013, 0.9750932156776904, 0.6624301093807506, 0.9504962288309446]"
Iteration 275,"[1.1272919942449304, 1.0877960879174033, 0.9748904307797583, 0.6623896558657043, 0.9504286498860164]"
Iteration 276,"[1.1273272794882114, 1.0874571121850256, 0.9747010239121997, 0.6623506073491908, 0.9503610008530379]"
Iteration 277,"[1.1273613875706667, 1.0871239922106932, 0.9745177788811522, 0.6623077331879355, 0.9502853729953475]"
Iteration 278,"[1.1274006880174425, 1.0867765188069731, 0.974340487977704, 0.6622663374623021, 0.9502117378169397]"
Iteration 279,"[1.1274396739176489, 1.0864200037016414, 0.9741748947485351, 0.6622263675351551, 0.9501409386531942]"
Iteration 280,"[1.1274769374625717, 1.086064123842802, 0.9740022866762444, 0.6621888576243191, 0.9500737986926251]"
Iteration 281,"[1.12751298078872, 1.085712901827435, 0.9738352997399269, 0.6621526477816081, 0.9500111199765744]"
Iteration 282,"[1.1275491797085662, 1.085359842973682, 0.9736737539366866, 0.6621125162880509, 0.9499420853921207]"
Iteration 283,"[1.1275841966834521, 1.085003681721073, 0.9735224979735697, 0.6620737652672575, 0.9498784709473514]"
Iteration 284,"[1.1276198347655801, 1.0846431821193045, 0.973376177179721, 0.6620363455820135, 0.9498210315054904]"
Iteration 285,"[1.127654309142325, 1.0842861770388614, 0.9732346342521033, 0.6620002099699823, 0.9497705028540813]"
Iteration 286,"[1.1276893081536785, 1.0839261272940899, 0.9731137186529982, 0.6619601486188743, 0.9497186329708714]"
Iteration 287,"[1.1277224942313477, 1.0835520459654322, 0.9730009432216513, 0.6619214541619187, 0.9496753648614293]"
Iteration 288,"[1.1277546253268986, 1.0831805345030934, 0.972879520143424, 0.6618846710283931, 0.9496413724861004]"
Iteration 289,"[1.1277846969480072, 1.082807164408178, 0.9727620666810981, 0.6618491491849953, 0.9496173082478432]"
Iteration 290,"[1.1278197862462294, 1.0824264491311397, 0.9726636889187217, 0.6618096779090624, 0.949585423656548]"
Iteration 291,"[1.127853754976895, 1.0820510384704567, 0.9725718215027905, 0.6617715516882543, 0.9495550038280038]"
Iteration 292,"[1.1278885598653368, 1.0816780406828277, 0.9724829622493113, 0.661734723218775, 0.9495259739780867]"
Iteration 293,"[1.1279237581487818, 1.0813109801047334, 0.9724114870382999, 0.6616939880876364, 0.9494892369907976]"
Iteration 294,"[1.1279578380870083, 1.080955130928952, 0.9723423566697502, 0.6616546332680946, 0.9494540605123538]"
Iteration 295,"[1.1279911322350882, 1.0805969418898527, 0.9722755014299118, 0.6616114588157997, 0.9494023772159812]"
Iteration 296,"[1.1280258813472017, 1.0802316449064024, 0.9722245187955535, 0.6615646538438631, 0.949344645947277]"
Iteration 297,"[1.1280595360702705, 1.079869940755292, 0.9721776648576517, 0.661514272678462, 0.9492729676451519]"
Iteration 298,"[1.1280921301365336, 1.0795171383502062, 0.9721323501927214, 0.6614655964745023, 0.9491977075202597]"
Iteration 299,"[1.1281250104835543, 1.0791641784022068, 0.9720885247862935, 0.6614134102797596, 0.9491109051086192]"
Iteration 300,"[1.1281595279378058, 1.078805856811165, 0.9720590596844635, 0.6613578376301199, 0.9490138677479706]"
Iteration 301,"[1.1281976516387524, 1.0784550144897966, 0.9720351345280293, 0.6612990004182225, 0.9489078636088216]"
Iteration 302,"[1.1282365662131246, 1.0780948868220788, 0.9720119972550075, 0.6612370193634803, 0.9487941234288892]"
Iteration 303,"[1.1282742503407954, 1.0777413872900496, 0.9719896219985997, 0.6611771329352143, 0.9486827887932834]"
Iteration 304,"[1.1283130997170139, 1.0773876180198216, 0.9719800827570293, 0.6611192688104269, 0.948574708236931]"
Iteration 305,"[1.1283507220848341, 1.0770340177126547, 0.9719724691466443, 0.6610633572765285, 0.9484707086347823]"
Iteration 306,"[1.1283878600561572, 1.0766679846991527, 0.9719750232865603, 0.6610093311141831, 0.9483715959095841]"
Iteration 307,"[1.1284275233175902, 1.0762871206766533, 0.9719774935867562, 0.660957125499037, 0.9482781556906917]"
Iteration 308,"[1.1284685716142284, 1.075911206000995, 0.9719912194307165, 0.6609066779165349, 0.9481911539297397]"
Iteration 309,"[1.1285038551417652, 1.075541226875409, 0.9720044925150897, 0.660857928073443, 0.9481113374861907]"
Iteration 310,"[1.1285380335505124, 1.0751575157103281, 0.9720263909915045, 0.6608108178127812, 0.9480452766624701]"
Iteration 311,"[1.1285674667736656, 1.0747770946719517, 0.9720475666498443, 0.6607652910360156, 0.9479886372408803]"
Iteration 312,"[1.1285930964953876, 1.074397947078497, 0.9720680433056592, 0.6607212936258915, 0.9479420909145265]"
Iteration 313,"[1.1286166679166063, 1.0740081807409692, 0.9720983964182779, 0.6606787733716961, 0.9479062928860733]"
Iteration 314,"[1.1286446707737459, 1.0735840107944736, 0.972135951634266, 0.6606376798988026, 0.9478720977673122]"
Iteration 315,"[1.1286718407276497, 1.0731727925556382, 0.9721722654314953, 0.6605979646008148, 0.9478394255035275]"
Iteration 316,"[1.1286994402887005, 1.0727741681129361, 0.9722232493255051, 0.6605595805729346, 0.9478082004217473]"
Iteration 317,"[1.1287262179911866, 1.0723877867059164, 0.9722725460528359, 0.660522482550397, 0.9477783509753896]"
Iteration 318,"[1.128755180671286, 1.072008589240613, 0.9723308226474322, 0.6604866268481256, 0.9477498095049697]"
Iteration 319,"[1.1287847362344967, 1.071632675829642, 0.9724096197640737, 0.6604519713032249, 0.94772251201278]"
Iteration 320,"[1.128815244748786, 1.0712574763509068, 0.9724858046273345, 0.6604184752195127, 0.9476963979511802]"
Iteration 321,"[1.1288459209197865, 1.0708843756725561, 0.9725594639651065, 0.6603860993141518, 0.9476714100235966]"
Iteration 322,"[1.128876011575083, 1.070514738623976, 0.9726306816327044, 0.6603548056664194, 0.9476474939973599]"
Iteration 323,"[1.1289064774091655, 1.0701499107085704, 0.9727137919723298, 0.6603245576698865, 0.9476245985267867]"
Iteration 324,"[1.1289348902174485, 1.0697804850780408, 0.9727941450067192, 0.6602907308477758, 0.9475936562662985]"
Iteration 325,"[1.1289656452519508, 1.0694136237974021, 0.972887234554971, 0.6602580363151241, 0.9475558567037446]"
Iteration 326,"[1.1289994006265076, 1.069045056894133, 0.9729906529671216, 0.6602264356776223, 0.9475123552983792]"
Iteration 327,"[1.1290302520077706, 1.068682332708978, 0.9731032767116997, 0.6601953672620049, 0.9474642748304564]"
Iteration 328,"[1.1290614648273403, 1.0683182334191959, 0.9732121551916247, 0.6601653369664215, 0.9474127066676866]"
Iteration 329,"[1.129092285527489, 1.0679435774846047, 0.9733174135282062, 0.6601312321426633, 0.9473587119558787]"
Iteration 330,"[1.1291195900687558, 1.0675749234162273, 0.973419172644205, 0.660098268937797, 0.9473033227422992]"
Iteration 331,"[1.129147998942419, 1.0672021762728159, 0.9735301610529985, 0.6600664086396492, 0.9472460451914549]"
Iteration 332,"[1.1291755704818145, 1.0668361823660866, 0.973637457615934, 0.6600356138802121, 0.9471903803094612]"
Iteration 333,"[1.1292056945983031, 1.0664688359491878, 0.973754900257955, 0.6600058485867145, 0.947137251072625]"
Iteration 334,"[1.1292354797736168, 1.0660838006621534, 0.9738684341668757, 0.6599770779352447, 0.9470899539388327]"
Iteration 335,"[1.1292610755128998, 1.0657029679180792, 0.9739781901670331, 0.6599492683057001, 0.947047889650121]"
Iteration 336,"[1.1292889758006135, 1.065309157057544, 0.9740960745531196, 0.6599223872382148, 0.947017267224568]"
Iteration 337,"[1.129317310554708, 1.0649002914219863, 0.9742360438506897, 0.6598964033920766, 0.9470017536937855]"
Iteration 338,"[1.1293431843251, 1.0644901420991015, 0.9743713462639598, 0.6598712865060847, 0.9469955066141806]"
Iteration 339,"[1.1293700473832298, 1.0640627872419177, 0.974502138440838, 0.6598470073589963, 0.9469992502259101]"
Iteration 340,"[1.1293961262264547, 1.0636486064805624, 0.9746285717290762, 0.6598235377335161, 0.9470032055611352]"
Iteration 341,"[1.1294254239366641, 1.0632472271384732, 0.9747893220227672, 0.6597998264279004, 0.9470073439455506]"
Iteration 342,"[1.1294541574850672, 1.062841000442208, 0.9749447027615874, 0.6597769053318672, 0.9470116390421711]"
Iteration 343,"[1.1294832592405644, 1.0624239136199203, 0.9751170337523364, 0.6597547478697319, 0.9470160666888405]"
Iteration 344,"[1.129511499006089, 1.0620196907655728, 0.9752836035195557, 0.6597333283745641, 0.9470206047437246]"
Iteration 345,"[1.1295408593816911, 1.0616189275393122, 0.9754585383342914, 0.6597126220558783, 0.9470252329413671]"
Iteration 346,"[1.1295693415815857, 1.0612305683861116, 0.9756276222492666, 0.6596926049698406, 0.9470299327574102]"
Iteration 347,"[1.12959283162122, 1.0608378406975087, 0.975791052540968, 0.6596732539889069, 0.947034687283097]"
Iteration 348,"[1.1296183366224748, 1.0604573057199094, 0.9759590309117921, 0.6596545467739209, 0.947039481107419]"
Iteration 349,"[1.129643069962659, 1.0600793695953938, 0.9761302276534674, 0.6596364617458917, 0.9470443002075377]"
Iteration 350,"[1.129668521981447, 1.059705499815938, 0.9763219485507739, 0.6596174612766734, 0.9470491318465826]"
Iteration 351,"[1.1296936931060737, 1.05933338965509, 0.9765072456693145, 0.6595990940096725, 0.9470539644786846]"
Iteration 352,"[1.1297165140975707, 1.0589588501680929, 0.9766863362812561, 0.6595813386465411, 0.9470587876602081]"
Iteration 353,"[1.1297386189970375, 1.0585959832782783, 0.9768594302268221, 0.6595641746181674, 0.9470635919665665]"
Iteration 354,"[1.1297600172417281, 1.0582444495407863, 0.9770267301693918, 0.6595475820584817, 0.9470683689153263]"
Iteration 355,"[1.1297820553871585, 1.0578934363889836, 0.9772203627542835, 0.6595315417800002, 0.9470731108941889]"

Density Array
1.01925,1.02564,1.02949,1.03078,1.02949,1.02564,1.01925,1.01037,0.99906,0.98542,0.96954,0.95153,0.93152,0.90966,0.88609,0.86098,0.83449,0.80680,0.77807,0.74850,0.71825,0.68751,0.65643,0.62520,0.59396,0.56288,0.53209,0.50173,0.47192,0.44278,0.41440,0.38686,0.36026,0.33464,0.31008,0.28659,0.26423,0.24300,0.22292,0.20399,0.18620
1.05160,1.05819,1.06217,1.06350,1.06217,1.05819,1.05160,1.04244,1.03078,1.01670,1.00031,0.98173,0.96109,0.93853,0.91422,0.88831,0.86098,0.83241,0.80277,0.77226,0.74105,0.70933,0.67727,0.64504,0.61282,0.58075,0.54898,0.51766,0.48691,0.45683,0.42755,0.39914,0.37169,0.34527,0.31992,0.29569,0.27262,0.25072,0.23000,0.21047,0.19211
1.08227,1.08906,1.09315,1.09452,1.09315,1.08906,1.08227,1.07285,1.06084,1.04636,1.02949,1.01037,0.98912,0.96591,0.94088,0.91422,0.88609,0.85668,0.82619,0.79478,0.76267,0.73002,0.69702,0.66386,0.63069,0.59769,0.56500,0.53276,0.50111,0.47016,0.44002,0.41078,0.38253,0.35534,0.32925,0.30432,0.28057,0.25803,0.23671,0.21660,0.19771
1.11106,1.11803,1.12223,1.12363,1.12223,1.11803,1.11106,1.10138,1.08906,1.07419,1.05687,1.03724,1.01543,0.99160,0.96591,0.93853,0.90966,0.87947,0.84816,0.81592,0.78295,0.74944,0.71556,0.68152,0.64747,0.61359,0.58002,0.54693,0.51444,0.48266,0.45172,0.42171,0.39271,0.36479,0.33801,0.31241,0.28803,0.26489,0.24300,0.22236,0.20297
1.13776,1.14490,1.14920,1.15064,1.14920,1.14490,1.13776,1.12785,1.11523,1.10000,1.08227,1.06217,1.03984,1.01543,0.98912,0.96109,0.93152,0.90061,0.86855,0.83553,0.80177,0.76745,0.73276,0.69790,0.66303,0.62833,0.59396,0.56007,0.52680,0.49426,0.46258,0.43185,0.40215,0.37356,0.34613,0.31992,0.29495,0.27126,0.24884,0.22771,0.20785
1.16220,1.16949,1.17388,1.17535,1.17388,1.16949,1.16220,1.15207,1.13919,1.12363,1.10552,1.08498,1.06217,1.03724,1.01037,0.98173,0.95153,0.91995,0.88720,0.85348,0.81899,0.78393,0.74850,0.71288,0.67727,0.64183,0.60672,0.57210,0.53811,0.50488,0.47252,0.44112,0.41078,0.38158,0.35357,0.32679,0.30129,0.27708,0.25419,0.23260,0.21231
1.18420,1.19162,1.19610,1.19759,1.19610,1.19162,1.18420,1.17388,1.16075,1.14490,1.12644,1.10552,1.08227,1.05687,1.02949,1.00031,0.96954,0.93736,0.90399,0.86963,0.83449,0.79877,0.76267,0.72638,0.69009,0.65398,0.61820,0.58293,0.54830,0.51444,0.48146,0.44947,0.41856,0.38880,0.36026,0.33298,0.30699,0.28233,0.25900,0.23700,0.21633
1.20360,1.21114,1.21569,1.21721,1.21569,1.21114,1.20360,1.19311,1.17976,1.16365,1.14490,1.12363,1.10000,1.07419,1.04636,1.01670,0.98542,0.95272,0.91880,0.88388,0.84816,0.81185,0.77516,0.73828,0.70139,0.66469,0.62833,0.59248,0.55728,0.52286,0.48935,0.45683,0.42542,0.39517,0.36616,0.33843,0.31202,0.28695,0.26324,0.24089,0.21988
1.22026,1.22791,1.23252,1.23407,1.23252,1.22791,1.22026,1.20963,1.19610,1.17976,1.16075,1.13919,1.11523,1.08906,1.06084,1.03078,0.99906,0.96591,0.93152,0.89612,0.85990,0.82309,0.78589,0.74850,0.71110,0.67389,0.63703,0.60068,0.56500,0.53010,0.49612,0.46316,0.43131,0.40064,0.37123,0.34312,0.31634,0.29093,0.26689,0.24422,0.22292
1.23407,1.24180,1.24647,1.24803,1.24647,1.24180,1.23407,1.22332,1.20963,1.19311,1.17388,1.15207,1.12785,1.10138,1.07285,1.04244,1.01037,0.97684,0.94206,0.90625,0.86963,0.83241,0.79478,0.75697,0.71915,0.68152,0.64424,0.60748,0.57139,0.53610,0.50173,0.46840,0.43619,0.40518,0.37543,0.34700,0.31992,0.29422,0.26990,0.24698,0.22544
1.24491,1.25272,1.25742,1.25900,1.25742,1.25272,1.24491,1.23407,1.22026,1.20360,1.18420,1.16220,1.13776,1.11106,1.08227,1.05160,1.01925,0.98542,0.95034,0.91422,0.87727,0.83972,0.80177,0.76362,0.72547,0.68751,0.64990,0.61282,0.57641,0.54081,0.50614,0.47252,0.44002,0.40874,0.37873,0.35005,0.32273,0.29680,0.27228,0.24915,0.22742
1.25272,1.26057,1.26531,1.26689,1.26531,1.26057,1.25272,1.24180,1.22791,1.21114,1.19162,1.16949,1.14490,1.11803,1.08906,1.05819,1.02564,0.99160,0.95630,0.91995,0.88277,0.84499,0.80680,0.76841,0.73002,0.69182,0.65398,0.61666,0.58002,0.54420,0.50932,0.47548,0.44278,0.41130,0.38110,0.35224,0.32475,0.29866,0.27398,0.25072,0.22885
1.25742,1.26531,1.27006,1.27165,1.27006,1.26531,1.25742,1.24647,1.23252,1.21569,1.19610,1.17388,1.14920,1.12223,1.09315,1.06217,1.02949,0.99533,0.95989,0.92341,0.88609,0.84816,0.80983,0.77129,0.73276,0.69441,0.65643,0.61898,0.58220,0.54625,0.51123,0.47726,0.44444,0.41284,0.38253,0.35357,0.32597,0.29979,0.27501,0.25166,0.22971
1.25900,1.26689,1.27165,1.27324,1.27165,1.26689,1.25900,1.24803,1.23407,1.21721,1.19759,1.17535,1.15064,1.12363,1.09452,1.06350,1.03078,0.99657,0.96109,0.92456,0.88720,0.84922,0.81084,0.77226,0.73368,0.69528,0.65725,0.61975,0.58293,0.54693,0.51187,0.47786,0.44500,0.41336,0.38301,0.35401,0.32638,0.30016,0.27536,0.25197,0.23000
1.25742,1.26531,1.27006,1.27165,1.27006,1.26531,1.25742,1.24647,1.23252,1.21569,1.19610,1.17388,1.14920,1.12223,1.09315,1.06217,1.02949,0.99533,0.95989,0.92341,0.88609,0.84816,0.80983,0.77129,0.73276,0.69441,0.65643,0.61898,0.58220,0.54625,0.51123,0.47726,0.44444,0.41284,0.38253,0.35357,0.32597,0.29979,0.27501,0.25166,0.22971
1.25272,1.26057,1.26531,1.26689,1.26531,1.26057,1.25272,1.24180,1.22791,1.21114,1.19162,1.16949,1.14490,1.11803,1.08906,1.05819,1.02564,0.99160,0.95630,0.91995,0.88277,0.84499,0.80680,0.76841,0.73002,0.69182,0.65398,0.61666,0.58002,0.54420,0.50932,0.47548,0.44278,0.41130,0.38110,0.35224,0.32475,0.29866,0.27398,0.25072,0.22885
1.24491,1.25272,1.25742,1.25900,1.25742,1.25272,1.24491,1.23407,1.22026,1.20360,1.18420,1.16220,1.13776,1.11106,1.08227,1.05160,1.01925,0.98542,0.95034,0.91422,0.87727,0.83972,0.80177,0.76362,0.72547,0.68751,0.64990,0.61282,0.57641,0.54081,0.50614,0.47252,0.44002,0.40874,0.37873,0.35005,0.32273,0.29680,0.27228,0.24915,0.22742
1.23407,1.24180,1.24647,1.24803,1.24647,1.24180,1.23407,1.22332,1.20963,1.19311,1.17388,1.15207,1.12785,1.10138,1.07285,1.04244,1.01037,0.97684,0.94206,0.90625,0.86963,0.83241,0.79478,0.75697,0.71915,0.68152,0.64424,0.60748,0.57139,0.53610,0.50173,0.46840,0.43619,0.40518,0.37543,0.34700,0.31992,0.29422,0.26990,0.24698,0.22544
1.22026,1.22791,1.23252,1.23407,1.23252,1.22791,1.22026,1.20963,1.19610,1.17976,1.16075,1.13919,1.11523,1.08906,1.06084,1.03078,0.99906,0.96591,0.93152,0.89612,0.85990,0.82309,0.78589,0.74850,0.71110,0.67389,0.63703,0.60068,0.56500,0.53010,0.49612,0.46316,0.43131,0.40064,0.37123,0.34312,0.31634,0.29093,0.26689,0.24422,0.22292
1.20360,1.21114,1.21569,1.21721,1.21569,1.21114,1.20360,1.19311,1.17976,1.16365,1.14490,1.12363,1.10000,1.07419,1.04636,1.01670,0.98542,0.95272,0.91880,0.88388,0.84816,0.81185,0.77516,0.73828,0.70139,0.66469,0.62833,0.59248,0.55728,0.52286,0.48935,0.45683,0.42542,0.39517,0.36616,0.33843,0.31202,0.28695,0.26324,0.24089,0.21988
1.18420,1.19162,1.19610,1.19759,1.19610,1.19162,1.18420,1.17388,1.16075,1.14490,1.12644,1.10552,1.08227,1.05687,1.02949,1.00031,0.96954,0.93736,0.90399,0.86963,0.83449,0.79877,0.76267,0.72638,0.69009,0.65398,0.61820,0.58293,0.54830,0.51444,0.48146,0.44947,0.41856,0.38880,0.36026,0.33298,0.30699,0.28233,0.25900,0.23700,0.21633
1.16220,1.16949,1.17388,1.17535,1.17388,1.16949,1.16220,1.15207,1.13919,1.12363,1.10552,1.08498,1.06217,1.03724,1.01037,0.98173,0.95153,0.91995,0.88720,0.85348,0.81899,0.78393,0.74850,0.71288,0.67727,0.64183,0.60672,0.57210,0.53811,0.50488,0.47252,0.44112,0.41078,0.38158,0.35357,0.32679,0.30129,0.27708,0.25419,0.23260,0.21231
1.13776,1.14490,1.14920,1.15064,1.14920,1.14490,1.13776,1.12785,1.11523,1.10000,1.08227,1.06217,1.03984,1.01543,0.98912,0.96109,0.93152,0.90061,0.86855,0.83553,0.80177,0.76745,0.73276,0.69790,0.66303,0.62833,0.59396,0.56007,0.52680,0.49426,0.46258,0.43185,0.40215,0.37356,0.34613,0.31992,0.29495,0.27126,0.24884,0.22771,0.20785
1.11106,1.11803,1.12223,1.12363,1.12223,1.11803,1.11106,1.10138,1.08906,1.07419,1.05687,1.03724,1.01543,0.99160,0.96591,0.93853,0.90966,0.87947,0.84816,0.81592,0.78295,0.74944,0.71556,0.68152,0.64747,0.61359,0.58002,0.54693,0.51444,0.48266,0.45172,0.42171,0.39271,0.36479,0.33801,0.31241,0.28803,0.26489,0.24300,0.22236,0.20297
1.08227,1.08906,1.09315,1.09452,1.09315,1.08906,1.08227,1.07285,1.06084,1.04636,1.02949,1.01037,0.98912,0.96591,0.94088,0.91422,0.88609,0.85668,0.82619,0.79478,0.76267,0.73002,0.69702,0.66386,0.63069,0.59769,0.56500,0.53276,0.50111,0.47016,0.44002,0.41078,0.38253,0.35534,0.32925,0.30432,0.28057,0.25803,0.23671,0.21660,0.19771
1.05160,1.05819,1.06217,1.06350,1.06217,1.05819,1.05160,1.04244,1.03078,1.01670,1.00031,0.98173,0.96109,0.93853,0.91422,0.88831,0.86098,0.83241,0.80277,0.77226,0.74105,0.70933,0.67727,0.64504,0.61282,0.58075,0.54898,0.51766,0.48691,0.45683,0.42755,0.39914,0.37169,0.34527,0.31992,0.29569,0.27262,0.25072,0.23000,0.21047,0.19211
1.01925,1.02564,1.02949,1.03078,1.02949,1.02564,1.01925,1.01037,0.99906,0.98542,0.96954,0.95153,0.93152,0.90966,0.88609,0.86098,0.83449,0.80680,0.77807,0.74850,0.71825,0.68751,0.65643,0.62520,0.59396,0.56288,0.53209,0.50173,0.47192,0.44278,0.41440,0.38686,0.36026,0.33464,0.31008,0.28659,0.26423,0.24300,0.22292,0.20399,0.18620
0.98542,0.99160,0.99533,0.99657,0.99533,0.99160,0.98542,0.97684,0.96591,0.95272,0.93736,0.91995,0.90061,0.87947,0.85668,0.83241,0.80680,0.78002,0.75225,0.72366,0.69441,0.66469,0.63465,0.60445,0.57425,0.54420,0.51444,0.48508,0.45626,0.42808,0.40064,0.37402,0.34830,0.32354,0.29979,0.27708,0.25546,0.23494,0.21552,0.19722,0.18002
0.95034,0.95630,0.95989,0.96109,0.95989,0.95630,0.95034,0.94206,0.93152,0.91880,0.90399,0.88720,0.86855,0.84816,0.82619,0.80277,0.77807,0.75225,0.72547,0.69790,0.66969,0.64103,0.61205,0.58293,0.55381,0.52483,0.49612,0.46781,0.44002,0.41284,0.38638,0.36071,0.33590,0.31202,0.28911,0.26722,0.24637,0.22657,0.20785,0.19020,0.17361
0.91422,0.91995,0.92341,0.92456,0.92341,0.91995,0.91422,0.90625,0.89612,0.88388,0.86963,0.85348,0.83553,0.81592,0.79478,0.77226,0.74850,0.72366,0.69790,0.67137,0.64424,0.61666,0.58879,0.56077,0.53276,0.50488,0.47726,0.45003,0.42330,0.39715,0.37169,0.34700,0.32313,0.30016,0.27812,0.25706,0.23700,0.21796,0.19995,0.18297,0.16701
0.87727,0.88277,0.88609,0.88720,0.88609,0.88277,0.87727,0.86963,0.85990,0.84816,0.83449,0.81899,0.80177,0.78295,0.76267,0.74105,0.71825,0.69441,0.66969,0.64424,0.61820,0.59174,0.56500,0.53811,0.51123,0.48448,0.45798,0.43185,0.40619,0.38110,0.35667,0.33298,0.31008,0.28803,0.26689,0.24667,0.22742,0.20915,0.19187,0.17558,0.16026
0.83972,0.84499,0.84816,0.84922,0.84816,0.84499,0.83972,0.83241,0.82309,0.81185,0.79877,0.78393,0.76745,0.74944,0.73002,0.70933,0.68751,0.66469,0.64103,0.61666,0.59174,0.56641,0.54081,0.51508,0.48935,0.46374,0.43837,0.41336,0.38880,0.36479,0.34141,0.31872,0.29680,0.27570,0.25546,0.23612,0.21769,0.20020,0.18366,0.16806,0.15340
0.80177,0.80680,0.80983,0.81084,0.80983,0.80680,0.80177,0.79478,0.78589,0.77516,0.76267,0.74850,0.73276,0.71556,0.69702,0.67727,0.65643,0.63465,0.61205,0.58879,0.56500,0.54081,0.51637,0.49180,0.46723,0.44278,0.41856,0.39468,0.37123,0.34830,0.32597,0.30432,0.28339,0.26324,0.24391,0.22544,0.20785,0.19115,0.17536,0.16046,0.14647
0.76362,0.76841,0.77129,0.77226,0.77129,0.76841,0.76362,0.75697,0.74850,0.73828,0.72638,0.71288,0.69790,0.68152,0.66386,0.64504,0.62520,0.60445,0.58293,0.56077,0.53811,0.51508,0.49180,0.46840,0.44500,0.42171,0.39864,0.37590,0.35357,0.33173,0.31046,0.28984,0.26990,0.25072,0.23231,0.21472,0.19796,0.18206,0.16701,0.15283,0.13950
0.72547,0.73002,0.73276,0.73368,0.73276,0.73002,0.72547,0.71915,0.71110,0.70139,0.69009,0.67727,0.66303,0.64747,0.63069,0.61282,0.59396,0.57425,0.55381,0.53276,0.51123,0.48935,0.46723,0.44500,0.42277,0.40064,0.37873,0.35712,0.33590,0.31516,0.29495,0.27536,0.25642,0.23819,0.22070,0.20399,0.18807,0.17296,0.15867,0.14519,0.13253
0.68751,0.69182,0.69441,0.69528,0.69441,0.69182,0.68751,0.68152,0.67389,0.66469,0.65398,0.64183,0.62833,0.61359,0.59769,0.58075,0.56288,0.54420,0.52483,0.50488,0.48448,0.46374,0.44278,0.42171,0.40064,0.37968,0.35891,0.33843,0.31832,0.29866,0.27952,0.26095,0.24300,0.22573,0.20915,0.19331,0.17823,0.16391,0.15037,0.13760,0.12560
0.64990,0.65398,0.65643,0.65725,0.65643,0.65398,0.64990,0.64424,0.63703,0.62833,0.61820,0.60672,0.59396,0.58002,0.56500,0.54898,0.53209,0.51444,0.49612,0.47726,0.45798,0.43837,0.41856,0.39864,0.37873,0.35891,0.33928,0.31992,0.30091,0.28233,0.26423,0.24667,0.22971,0.21338,0.19771,0.18274,0.16848,0.15494,0.14214,0.13007,0.11873
0.61282,0.61666,0.61898,0.61975,0.61898,0.61666,0.61282,0.60748,0.60068,0.59248,0.58293,0.57210,0.56007,0.54693,0.53276,0.51766,0.50173,0.48508,0.46781,0.45003,0.43185,0.41336,0.39468,0.37590,0.35712,0.33843,0.31992,0.30167,0.28374,0.26622,0.24915,0.23260,0.21660,0.20120,0.18643,0.17231,0.15887,0.14610,0.13403,0.12265,0.11195
0.57641,0.58002,0.58220,0.58293,0.58220,0.58002,0.57641,0.57139,0.56500,0.55728,0.54830,0.53811,0.52680,0.51444,0.50111,0.48691,0.47192,0.45626,0.44002,0.42330,0.40619,0.38880,0.37123,0.35357,0.33590,0.31832,0.30091,0.28374,0.26689,0.25040,0.23435,0.21878,0.20373,0.18925,0.17536,0.16208,0.14943,0.13742,0.12607,0.11536,0.10530
0.54081,0.54420,0.54625,0.54693,0.54625,0.54420,0.54081,0.53610,0.53010,0.52286,0.51444,0.50488,0.49426,0.48266,0.47016,0.45683,0.44278,0.42808,0.41284,0.39715,0.38110,0.36479,0.34830,0.33173,0.31516,0.29866,0.28233,0.26622,0.25040,0.23494,0.21988,0.20527,0.19115,0.17756,0.16453,0.15207,0.14020,0.12894,0.11828,0.10824,0.09880
0.50614,0.50932,0.51123,0.51187,0.51123,0.50932,0.50614,0.50173,0.49612,0.48935,0.48146,0.47252,0.46258,0.45172,0.44002,0.42755,0.41440,0.40064,0.38638,0.37169,0.35667,0.34141,0.32597,0.31046,0.29495,0.27952,0.26423,0.24915,0.23435,0.21988,0.20578,0.19211,0.17890,0.16618,0.15398,0.14232,0.13121,0.12067,0.11070,0.10130,0.09246
0.47252,0.47548,0.47726,0.47786,0.47726,0.47548,0.47252,0.46840,0.46316,0.45683,0.44947,0.44112,0.43185,0.42171,0.41078,0.39914,0.38686,0.37402,0.36071,0.34700,0.33298,0.31872,0.30432,0.28984,0.27536,0.26095,0.24667,0.23260,0.21878,0.20527,0.19211,0.17935,0.16701,0.15514,0.14375,0.13286,0.12249,0.11265,0.10334,0.09457,0.08632
0.44002,0.44278,0.44444,0.44500,0.44444,0.44278,0.44002,0.43619,0.43131,0.42542,0.41856,0.41078,0.40215,0.39271,0.38253,0.37169,0.36026,0.34830,0.33590,0.32313,0.31008,0.29680,0.28339,0.26990,0.25642,0.24300,0.22971,0.21660,0.20373,0.19115,0.17890,0.16701,0.15553,0.14447,0.13386,0.12373,0.11407,0.10491,0.09624,0.08806,0.08038
0.40874,0.41130,0.41284,0.41336,0.41284,0.41130,0.40874,0.40518,0.40064,0.39517,0.38880,0.38158,0.37356,0.36479,0.35534,0.34527,0.33464,0.32354,0.31202,0.30016,0.28803,0.27570,0.26324,0.25072,0.23819,0.22573,0.21338,0.20120,0.18925,0.17756,0.16618,0.15514,0.14447,0.13420,0.12435,0.11493,0.10596,0.09745,0.08940,0.08180,0.07467
0.37873,0.38110,0.38253,0.38301,0.38253,0.38110,0.37873,0.37543,0.37123,0.36616,0.36026,0.35357,0.34613,0.33801,0.32925,0.31992,0.31008,0.29979,0.28911,0.27812,0.26689,0.25546,0.24391,0.23231,0.22070,0.20915,0.19771,0.18643,0.17536,0.16453,0.15398,0.14375,0.13386,0.12435,0.11522,0.10649,0.09818,0.09029,0.08283,0.07580,0.06919
0.35005,0.35224,0.35357,0.35401,0.35357,0.35224,0.35005,0.34700,0.34312,0.33843,0.33298,0.32679,0.31992,0.31241,0.30432,0.29569,0.28659,0.27708,0.26722,0.25706,0.24667,0.23612,0.22544,0.21472,0.20399,0.19331,0.18274,0.17231,0.16208,0.15207,0.14232,0.13286,0.12373,0.11493,0.10649,0.09843,0.09075,0.08346,0.07656,0.07006,0.06395
0.32273,0.32475,0.32597,0.32638,0.32597,0.32475,0.32273,0.31992,0.31634,0.31202,0.30699,0.30129,0.29495,0.28803,0.28057,0.27262,0.26423,0.25546,0.24637,0.23700,0.22742,0.21769,0.20785,0.19796,0.18807,0.17823,0.16848,0.15887,0.14943,0.14020,0.13121,0.12249,0.11407,0.10596,0.09818,0.09075,0.08366,0.07694,0.07059,0.06459,0.05896
0.29680,0.29866,0.29979,0.30016,0.29979,0.29866,0.29680,0.29422,0.29093,0.28695,0.28233,0.27708,0.27126,0.26489,0.25803,0.25072,0.24300,0.23494,0.22657,0.21796,0.20915,0.20020,0.19115,0.18206,0.17296,0.16391,0.15494,0.14610,0.13742,0.12894,0.12067,0.11265,0.10491,0.09745,0.09029,0.08346,0.07694,0.07076,0.06491,0.05940,0.05422
0.27228,0.27398,0.27501,0.27536,0.27501,0.27398,0.27228,0.26990,0.26689,0.26324,0.25900,0.25419,0.24884,0.24300,0.23671,0.23000,0.22292,0.21552,0.20785,0.19995,0.19187,0.18366,0.17536,0.16701,0.15867,0.15037,0.14214,0.13403,0.12607,0.11828,0.11070,0.10334,0.09624,0.08940,0.08283,0.07656,0.07059,0.06491,0.05955,0.05449,0.04974
0.24915,0.25072,0.25166,0.25197,0.25166,0.25072,0.24915,0.24698,0.24422,0.24089,0.23700,0.23260,0.22771,0.22236,0.21660,0.21047,0.20399,0.19722,0.19020,0.18297,0.17558,0.16806,0.16046,0.15283,0.14519,0.13760,0.13007,0.12265,0.11536,0.10824,0.10130,0.09457,0.08806,0.08180,0.07580,0.07006,0.06459,0.05940,0.05449,0.04987,0.04552
0.22742,0.22885,0.22971,0.23000,0.22971,0.22885,0.22742,0.22544,0.22292,0.21988,0.21633,0.21231,0.20785,0.20297,0.19771,0.19211,0.18620,0.18002,0.17361,0.16701,0.16026,0.15340,0.14647,0.13950,0.13253,0.12560,0.11873,0.11195,0.10530,0.09880,0.09246,0.08632,0.08038,0.07467,0.06919,0.06395,0.05896,0.05422,0.04974,0.04552,0.04155
0.20707,0.20837,0.20915,0.20942,0.20915,0.20837,0.20707,0.20527,0.20297,0.20020,0.19697,0.19331,0.18925,0.18481,0.18002,0.17492,0.16954,0.16391,0.15808,0.15207,0.14592,0.13968,0.13336,0.12702,0.12067,0.11436,0.10810,0.10193,0.09588,0.08996,0.08419,0.07860,0.07319,0.06799,0.06300,0.05823,0.05368,0.04937,0.04529,0.04144,0.03783
0.18807,0.18925,0.18996,0.19020,0.18996,0.18925,0.18807,0.18643,0.18435,0.18183,0.17890,0.17558,0.17188,0.16785,0.16350,0.15887,0.15398,0.14887,0.14357,0.13811,0.13253,0.12686,0.12112,0.11536,0.10960,0.10386,0.09818,0.09258,0.08708,0.08170,0.07646,0.07138,0.06647,0.06175,0.05722,0.05288,0.04876,0.04484,0.04113,0.03764,0.03436
0.17039,0.17145,0.17210,0.17231,0.17210,0.17145,0.17039,0.16890,0.16701,0.16473,0.16208,0.15907,0.15572,0.15207,0.14813,0.14393,0.13950,0.13487,0.13007,0.12513,0.12007,0.11493,0.10974,0.10451,0.09929,0.09410,0.08895,0.08387,0.07889,0.07402,0.06927,0.06467,0.06022,0.05594,0.05184,0.04791,0.04417,0.04062,0.03727,0.03410,0.03113
0.15398,0.15494,0.15553,0.15572,0.15553,0.15494,0.15398,0.15264,0.15093,0.14887,0.14647,0.14375,0.14073,0.13742,0.13386,0.13007,0.12607,0.12188,0.11754,0.11308,0.10851,0.10386,0.09917,0.09445,0.08973,0.08504,0.08038,0.07580,0.07129,0.06689,0.06260,0.05844,0.05442,0.05056,0.04684,0.04330,0.03992,0.03671,0.03368,0.03082,0.02813
0.13880,0.13968,0.14020,0.14038,0.14020,0.13968,0.13880,0.13760,0.13606,0.13420,0.13204,0.12958,0.12686,0.12388,0.12067,0.11725,0.11364,0.10987,0.10596,0.10193,0.09781,0.09363,0.08940,0.08514,0.08089,0.07666,0.07246,0.06833,0.06427,0.06030,0.05643,0.05268,0.04906,0.04557,0.04223,0.03903,0.03598,0.03309,0.03036,0.02778,0.02536
0.12481,0.12560,0.12607,0.12623,0.12607,0.12560,0.12481,0.12373,0.12234,0.12067,0.11873,0.11652,0.11407,0.11139,0.10851,0.10543,0.10219,0.09880,0.09528,0.09166,0.08795,0.08419,0.08038,0.07656,0.07273,0.06893,0.06516,0.06144,0.05779,0.05422,0.05075,0.04737,0.04412,0.04098,0.03797,0.03510,0.03236,0.02976,0.02730,0.02498,0.02280
0.11195,0.11265,0.11308,0.11322,0.11308,0.11265,0.11195,0.11098,0.10974,0.10824,0.10649,0.10451,0.10232,0.09991,0.09733,0.09457,0.09166,0.08862,0.08546,0.08221,0.07889,0.07551,0.07210,0.06867,0.06524,0.06183,0.05844,0.05511,0.05184,0.04863,0.04552,0.04249,0.03957,0.03676,0.03406,0.03148,0.02902,0.02669,0.02449,0.02241,0.02045
0.10017,0.10079,0.10117,0.10130,0.10117,0.10079,0.10017,0.09929,0.09818,0.09684,0.09528,0.09351,0.09154,0.08940,0.08708,0.08461,0.08201,0.07929,0.07646,0.07356,0.07059,0.06756,0.06451,0.06144,0.05837,0.05532,0.05229,0.04931,0.04638,0.04351,0.04072,0.03802,0.03540,0.03289,0.03047,0.02816,0.02597,0.02388,0.02191,0.02005,0.01830
0.08940,0.08996,0.09029,0.09041,0.09029,0.08996,0.08940,0.08862,0.08763,0.08643,0.08504,0.08346,0.08170,0.07978,0.07772,0.07551,0.07319,0.07076,0.06824,0.06565,0.06300,0.06030,0.05757,0.05483,0.05210,0.04937,0.04667,0.04401,0.04139,0.03883,0.03635,0.03393,0.03160,0.02935,0.02720,0.02514,0.02317,0.02131,0.01955,0.01789,0.01633
0.07958,0.08008,0.08038,0.08048,0.08038,0.08008,0.07958,0.07889,0.07801,0.07694,0.07570,0.07430,0.07273,0.07103,0.06919,0.06723,0.06516,0.06300,0.06075,0.05844,0.05608,0.05368,0.05126,0.04882,0.04638,0.04395,0.04155,0.03918,0.03685,0.03457,0.03236,0.03021,0.02813,0.02613,0.02421,0.02238,0.02063,0.01897,0.01741,0.01593,0.01454

X Array
-1.50000,-1.50000,-1.50000,-1.50000,-1.50000,-1.50000,-1.50000,-1.50000,-1.50000,-1.50000,-1.50000,-1.50000,-1.50000,-1.50000,-1.50000,-1.50000,-1.50000,-1.50000,-1.50000,-1.50000,-1.50000,-1.50000,-1.50000,-1.50000,-1.50000,-1.50000,-1.50000,-1.50000,-1.50000,-1.50000,-1.50000,-1.50000,-1.50000,-1.50000,-1.50000,-1.50000,-1.50000,-1.50000,-1.50000,-1.50000,-1.50000
-1.45000,-1.45000,-1.45000,-1.45000,-1.45000,-1.45000,-1.45000,-1.45000,-1.45000,-1.45000,-1.45000,-1.45000,-1.45000,-1.45000,-1.45000,-1.45000,-1.45000,-1.45000,-1.45000,-1.45000,-1.45000,-1.45000,-1.45000,-1.45000,-1.45000,-1.45000,-1.45000,-1.45000,-1.45000,-1.45000,-1.45000,-1.45000,-1.45000,-1.45000,-1.45000,-1.45000,-1.45000,-1.45000,-1.45000,-1.45000,-1.45000
-1.40000,-1.40000,-1.40000,-1.40000,-1.40000,-1.40000,-1.40000,-1.40000,-1.40000,-1.40000,-1.40000,-1.40000,-1.40000,-1.40000,-1.40000,-1.40000,-1.40000,-1.40000,-1.40000,-1.40000,-1.40000,-1.40000,-1.40000,-1.40000,-1.40000,-1.40000,-1.40000,-1.40000,-1.40000,-1.40000,-1.40000,-1.40000,-1.40000,-1.40000,-1.40000,-1.40000,-1.40000,-1.40000,-1.40000,-1.40000,-1.40000
-1.35000,-1.35000,-1.35000,-1.35000,-1.35000,-1.35000,-1.35000,-1.35000,-1.35000,-1.35000,-1.35000,-1.35000,-1.35000,-1.35000,-1.35000,-1.35000,-1.35000,-1.35000,-1.35000,-1.35000,-1.35000,-1.35000,-1.35000,-1.35000,-1.35000,-1.35000,-1.35000,-1.35000,-1.35000,-1.35000,-1.35000,-1.35000,-1.35000,-1.35000,-1.35000,-1.35000,-1.35000,-1.35000,-1.35000,-1.35000,-1.35000
-1.30000,-1.30000,-1.30000,-1.30000,-1.30000,-1.30000,-1.30000,-1.30000,-1.30000,-1.30000,-1.30000,-1.30000,-1.30000,-1.30000,-1.30000,-1.30000,-1.30000,-1.30000,-1.30000,-1.30000,-1.30000,-1.30000,-1.30000,-1.30000,-1.30000,-1.30000,-1.30000,-1.30000,-1.30000,-1.30000,-1.30000,-1.30000,-1.30000,-1.30000,-1.30000,-1.30000,-1.30000,-1.30000,-1.30000,-1.30000,-1.30000
-1.25000,-1.25000,-1.25000,-1.25000,-1.25000,-1.25000,-1.25000,-1.25000,-1.25000,-1.25000,-1.25000,-1.25000,-1.25000,-1.25000,-1.25000,-1.25000,-1.25000,-1.25000,-1.25000,-1.25000,-1.25000,-1.25000,-1.25000,-1.25000,-1.25000,-1.25000,-1.25000,-1.25000,-1.25000,-1.25000,-1.25000,-1.25000,-1.25000,-1.25000,-1.25000,-1.25000,-1.25000,-1.25000,-1.25000,-1.25000,-1.25000
-1.20000,-1.20000,-1.20000,-1.20000,-1.20000,-1.20000,-1.20000,-1.20000,-1.20000,-1.20000,-1.20000,-1.20000,-1.20000,-1.20000,-1.20000,-1.20000,-1.20000,-1.20000,-1.20000,-1.20000,-1.20000,-1.20000,-1.20000,-1.20000,-1.20000,-1.20000,-1.20000,-1.20000,-1.20000,-1.20000,-1.20000,-1.20000,-1.20000,-1.20000,-1.20000,-1.20000,-1.20000,-1.20000,-1.20000,-1.20000,-1.20000
-1.15000,-1.15000,-1.15000,-1.15000,-1.15000,-1.15000,-1.15000,-1.15000,-1.15000,-1.15000,-1.15000,-1.15000,-1.15000,-1.15000,-1.15000,-1.15000,-1.15000,-1.15000,-1.15000,-1.15000,-1.15000,-1.15000,-1.15000,-1.15000,-1.15000,-1.15000,-1.15000,-1.15000,-1.15000,-1.15000,-1.15000,-1.15000,-1.15000,-1.15000,-1.15000,-1.15000,-1.15000,-1.15000,-1.15000,-1.15000,-1.15000
-1.10000,-1.10000,-1.10000,-1.10000,-1.10000,-1.10000,-1.10000,-1.10000,-1.10000,-1.10000,-1.10000,-1.10000,-1.10000,-1.10000,-1.10000,-1.10000,-1.10000,-1.10000,-1.10000,-1.10000,-1.10000,-1.10000,-1.10000,-1.10000,-1.10000,-1.10000,-1.10000,-1.10000,-1.10000,-1.10000,-1.10000,-1.10000,-1.10000,-1.10000,-1.10000,-1.10000,-1.10000,-1.10000,-1.10000,-1.10000,-1.10000
-1.05000,-1.05000,-1.05000,-1.05000,-1.05000,-1.05000,-1.05000,-1.05000,-1.05000,-1.05000,-1.05000,-1.05000,-1.05000,-1.05000,-1.05000,-1.05000,-1.05000,-1.05000,-1.05000,-1.05000,-1.05000,-1.05000,-1.05000,-1.05000,-1.05000,-1.05000,-1.05000,-1.05000,-1.05000,-1.05000,-1.05000,-1.05000,-1.05000,-1.05000,-1.05000,-1.05000,-1.05000,-1.05000,-1.05000,-1.05000,-1.05000
-1.00000,-1.00000,-1.00000,-1.00000,-1.00000,-1.00000,-1.00000,-1.00000,-1.00000,-1.00000,-1.00000,-1.00000,-1.00000,-1.00000,-1.00000,-1.00000,-1.00000,-1.00000,-1.00000,-1.00000,-1.00000,-1.00000,-1.00000,-1.00000,-1.00000,-1.00000,-1.00000,-1.00000,-1.00000,-1.00000,-1.00000,-1.00000,-1.00000,-1.00000,-1.00000,-1.00000,-1.00000,-1.00000,-1.00000,-1.00000,-1.00000
-0.95000,-0.95000,-0.95000,-0.95000,-0.95000,-0.95000,-0.95000,-0.95000,-0.95000,-0.95000,-0.95000,-0.95000,-0.95000,-0.95000,-0.95000,-0.95000,-0.95000,-0.95000,-0.95000,-0.95000,-0.95000,-0.95000,-0.95000,-0.95000,-0.95000,-0.95000,-0.95000,-0.95000,-0.95000,-0.95000,-0.95000,-0.95000,-0.95000,-0.95000,-0.95000,-0.95000,-0.95000,-0.95000,-0.95000,-0.95000,-0.95000
-0.90000,-0.90000,-0.90000,-0.90000,-0.90000,-0.90000,-0.90000,-0.90000,-0.90000,-0.90000,-0.90000,-0.90000,-0.90000,-0.90000,-0.90000,-0.90000,-0.90000,-0.90000,-0.90000,-0.90000,-0.90000,-0.90000,-0.90000,-0.90000,-0.90000,-0.90000,-0.90000,-0.90000,-0.90000,-0.90000,-0.90000,-0.90000,-0.90000,-0.90000,-0.90000,-0.90000,-0.90000,-0.90000,-0.90000,-0.90000,-0.90000
-0.85000,-0.85000,-0.85000,-0.85000,-0.85000,-0.85000,-0.85000,-0.85000,-0.85000,-0.85000,-0.85000,-0.85000,-0.85000,-0.85000,-0.85000,-0.85000,-0.85000,-0.85000,-0.85000,-0.85000,-0.85000,-0.85000,-0.85000,-0.85000,-0.85000,-0.85000,-0.85000,-0.85000,-0.85000,-0.85000,-0.85000,-0.85000,-0.85000,-0.85000,-0.85000,-0.85000,-0.85000,-0.85000,-0.85000,-0.85000,-0.85000
-0.80000,-0.80000,-0.80000,-0.80000,-0.80000,-0.80000,-0.80000,-0.80000,-0.80000,-0.80000,-0.80000,-0.80000,-0.80000,-0.80000,-0.80000,-0.80000,-0.80000,-0.80000,-0.80000,-0.80000,-0.80000,-0.80000,-0.80000,-0.80000,-0.80000,-0.80000,-0.80000,-0.80000,-0.80000,-0.80000,-0.80000,-0.80000,-0.80000,-0.80000,-0.80000,-0.80000,-0.80000,-0.80000,-0.80000,-0.80000,-0.80000
-0.75000,-0.75000,-0.75000,-0.75000,-0.75000,-0.75000,-0.75000,-0.75000,-0.75000,-0.75000,-0.75000,-0.75000,-0.75000,-0.75000,-0.75000,-0.75000,-0.75000,-0.75000,-0.75000,-0.75000,-0.75000,-0.75000,-0.75000,-0.75000,-0.75000,-0.75000,-0.75000,-0.75000,-0.75000,-0.75000,-0.75000,-0.75000,-0.75000,-0.75000,-0.75000,-0.75000,-0.75000,-0.75000,-0.75000,-0.75000,-0.75000
-0.70000,-0.70000,-0.70000,-0.70000,-0.70000,-0.70000,-0.70000,-0.70000,-0.70000,-0.70000,-0.70000,-0.70000,-0.70000,-0.70000,-0.70000,-0.70000,-0.70000,-0.70000,-0.70000,-0.70000,-0.70000,-0.70000,-0.70000,-0.70000,-0.70000,-0.70000,-0.70000,-0.70000,-0.70000,-0.70000,-0.70000,-0.70000,-0.70000,-0.70000,-0.70000,-0.70000,-0.70000,-0.70000,-0.70000,-0.70000,-0.70000
-0.65000,-0.65000,-0.65000,-0.65000,-0.65000,-0.65000,-0.65000,-0.65000,-0.65000,-0.65000,-0.65000,-0.65000,-0.65000,-0.65000,-0.65000,-0.65000,-0.65000,-0.65000,-0.65000,-0.65000,-0.65000,-0.65000,-0.65000,-0.65000,-0.65000,-0.65000,-0.65000,-0.65000,-0.65000,-0.65000,-0.65000,-0.65000,-0.65000,-0.65000,-0.65000,-0.65000,-0.65000,-0.65000,-0.65000,-0.65000,-0.65000
-0.60000,-0.60000,-0.60000,-0.60000,-0.60000,-0.60000,-0.60000,-0.60000,-0.60000,-0.60000,-0.60000,-0.60000,-0.60000,-0.60000,-0.60000,-0.60000,-0.60000,-0.60000,-0.60000,-0.60000,-0.60000,-0.60000,-0.60000,-0.60000,-0.60000,-0.60000,-0.60000,-0.60000,-0.60000,-0.60000,-0.60000,-0.60000,-0.60000,-0.60000,-0.60000,-0.60000,-0.60000,-0.60000,-0.60000,-0.60000,-0.60000
-0.55000,-0.55000,-0.55000,-0.55000,-0.55000,-0.55000,-0.55000,-0.55000,-0.55000,-0.55000,-0.55000,-0.55000,-0.55000,-0.55000,-0.55000,-0.55000,-0.55000,-0.55000,-0.55000,-0.55000,-0.55000,-0.55000,-0.55000,-0.55000,-0.55000,-0.55000,-0.55000,-0.55000,-0.55000,-0.55000,-0.55000,-0.55000,-0.55000,-0.55000,-0.55000,-0.55000,-0.55000,-0.55000,-0.55000,-0.55000,-0.55000
-0.50000,-0.50000,-0.50000,-0.50000,-0.50000,-0.50000,-0.50000,-0.50000,-0.50000,-0.50000,-0.50000,-0.50000,-0.50000,-0.50000,-0.50000,-0.50000,-0.50000,-0.50000,-0.50000,-0.50000,-0.50000,-0.50000,-0.50000,-0.50000,-0.50000,-0.50000,-0.50000,-0.50000,-0.50000,-0.50000,-0.50000,-0.50000,-0.50000,-0.50000,-0.50000,-0.50000,-0.50000,-0.50000,-0.50000,-0.50000,-0.50000
-0.45000,-0.45000,-0.45000,-0.45000,-0.45000,-0.45000,-0.45000,-0.45000,-0.45000,-0.45000,-0.45000,-0.45000,-0.45000,-0.45000,-0.45000,-0.45000,-0.45000,-0.45000,-0.45000,-0.45000,-0.45000,-0.45000,-0.45000,-0.45000,-0.45000,-0.45000,-0.45000,-0.45000,-0.45000,-0.45000,-0.45000,-0.45000,-0.45000,-0.45000,-0.45000,-0.45000,-0.45000,-0.45000,-0.45000,-0.45000,-0.45000
-0.40000,-0.40000,-0.40000,-0.40000,-0.40000,-0.40000,-0.40000,-0.40000,-0.40000,-0.40000,-0.40000,-0.40000,-0.40000,-0.40000,-0.40000,-0.40000,-0.40000,-0.40000,-0.40000,-0.40000,-0.40000,-0.40000,-0.40000,-0.40000,-0.40000,-0.40000,-0.40000,-0.40000,-0.40000,-0.40000,-0.40000,-0.40000,-0.40000,-0.40000,-0.40000,-0.40000,-0.40000,-0.40000,-0.40000,-0.40000,-0.40000
-0.35000,-0.35000,-0.35000,-0.35000,-0.35000,-0.35000,-0.35000,-0.35000,-0.35000,-0.35000,-0.35000,-0.35000,-0.35000,-0.35000,-0.35000,-0.35000,-0.35000,-0.35000,-0.35000,-0.35000,-0.35000,-0.35000,-0.35000,-0.35000,-0.35000,-0.35000,-0.35000,-0.35000,-0.35000,-0.35000,-0.35000,-0.35000,-0.35000,-0.35000,-0.35000,-0.35000,-0.35000,-0.35000,-0.35000,-0.35000,-0.35000
-0.30000,-0.30000,-0.30000,-0.30000,-0.30000,-0.30000,-0.30000,-0.30000,-0.30000,-0.30000,-0.30000,-0.30000,-0.30000,-0.30000,-0.30000,-0.30000,-0.30000,-0.30000,-0.30000,-0.30000,-0.30000,-0.30000,-0.30000,-0.30000,-0.30000,-0.30000,-0.30000,-0.30000,-0.30000,-0.30000,-0.30000,-0.30000,-0.30000,-0.30000,-0.30000,-0.30000,-0.30000,-0.30000,-0.30000,-0.30000,-0.30000
-0.25000,-0.25000,-0.25000,-0.25000,-0.25000,-0.25000,-0.25000,-0.25000,-0.25000,-0.25000,-0.25000,-0.25000,-0.25000,-0.25000,-0.25000,-0.25000,-0.25000,-0.25000,-0.25000,-0.25000,-0.25000,-0.25000,-0.25000,-0.25000,-0.25000,-0.25000,-0.25000,-0.25000,-0.25000,-0.25000,-0.25000,-0.25000,-0.25000,-0.25000,-0.25000,-0.25000,-0.25000,-0.25000,-0.25000,-0.25000,-0.25000
-0.20000,-0.20000,-0.20000,-0.20000,-0.20000,-0.20000,-0.20000,-0.20000,-0.20000,-0.20000,-0.20000,-0.20000,-0.20000,-0.20000,-0.20000,-0.20000,-0.20000,-0.20000,-0.20000,-0.20000,-0.20000,-0.20000,-0.20000,-0.20000,-0.20000,-0.20000,-0.20000,-0.20000,-0.20000,-0.20000,-0.20000,-0.20000,-0.20000,-0.20000,-0.20000,-0.20000,-0.20000,-0.20000,-0.20000,-0.20000,-0.20000
-0.15000,-0.15000,-0.15000,-0.15000,-0.15000,-0.15000,-0.15000,-0.15000,-0.15000,-0.15000,-0.15000,-0.15000,-0.15000,-0.15000,-0.15000,-0.15000,-0.15000,-0.15000,-0.15000,-0.15000,-0.15000,-0.15000,-0.15000,-0.15000,-0.15000,-0.15000,-0.15000,-0.15000,-0.15000,-0.15000,-0.15000,-0.15000,-0.15000,-0.15000,-0.15000,-0.15000,-0.15000,-0.15000,-0.15000,-0.15000,-0.15000
-0.10000,-0.10000,-0.10000,-0.10000,-0.10000,-0.10000,-0.10000,-0.10000,-0.10000,-0.10000,-0.10000,-0.10000,-0.10000,-0.10000,-0.10000,-0.10000,-0.10000,-0.10000,-0.10000,-0.10000,-0.10000,-0.10000,-0.10000,-0.10000,-0.10000,-0.10000,-0.10000,-0.10000,-0.10000,-0.10000,-0.10000,-0.10000,-0.10000,-0.10000,-0.10000,-0.10000,-0.10000,-0.10000,-0.10000,-0.10000,-0.10000
-0.05000,-0.05000,-0.05000,-0.05000,-0.05000,-0.05000,-0.05000,-0.05000,-0.05000,-0.05000,-0.05000,-0.05000,-0.05000,-0.05000,-0.05000,-0.05000,-0.05000,-0.05000,-0.05000,-0.05000,-0.05000,-0.05000,-0.05000,-0.05000,-0.05000,-0.05000,-0.05000,-0.05000,-0.05000,-0.05000,-0.05000,-0.05000,-0.05000,-0.05000,-0.05000,-0.05000,-0.05000,-0.05000,-0.05000,-0.05000,-0.05000
0.00000,0.00000,0.00000,0.00000,0.00000,0.00000,0.00000,0.00000,0.00000,0.00000,0.00000,0.00000,0.00000,0.00000,0.00000,0.00000,0.00000,0.00000,0.00000,0.00000,0.00000,0.00000,0.00000,0.00000,0.00000,0.00000,0.00000,0.00000,0.00000,0.00000,0.00000,0.00000,0.00000,0.00000,0.00000,0.00000,0.00000,0.00000,0.00000,0.00000,0.00000
0.05000,0.05000,0.05000,0.05000,0.05000,0.05000,0.05000,0.05000,0.05000,0.05000,0.05000,0.05000,0.05000,0.05000,0.05000,0.05000,0.05000,0.05000,0.05000,0.05000,0.05000,0.05000,0.05000,0.05000,0.05000,0.05000,0.05000,0.05000,0.05000,0.05000,0.05000,0.05000,0.05000,0.05000,0.05000,0.05000,0.05000,0.05000,0.05000,0.05000,0.05000
0.10000,0.10000,0.10000,0.10000,0.10000,0.10000,0.10000,0.10000,0.10000,0.10000,0.10000,0.10000,0.10000,0.10000,0.10000,0.10000,0.10000,0.10000,0.10000,0.10000,0.10000,0.10000,0.10000,0.10000,0.10000,0.10000,0.10000,0.10000,0.10000,0.10000,0.10000,0.10000,0.10000,0.10000,0.10000,0.10000,0.10000,0.10000,0.10000,0.10000,0.10000
0.15000,0.15000,0.15000,0.15000,0.15000,0.15000,0.15000,0.15000,0.15000,0.15000,0.15000,0.15000,0.15000,0.15000,0.15000,0.15000,0.15000,0.15000,0.15000,0.15000,0.15000,0.15000,0.15000,0.15000,0.15000,0.15000,0.15000,0.15000,0.15000,0.15000,0.15000,0.15000,0.15000,0.15000,0.15000,0.15000,0.15000,0.15000,0.15000,0.15000,0.15000
0.20000,0.20000,0.20000,0.20000,0.20000,0.20000,0.20000,0.20000,0.20000,0.20000,0.20000,0.20000,0.20000,0.20000,0.20000,0.20000,0.20000,0.20000,0.20000,0.20000,0.20000,0.20000,0.20000,0.20000,0.20000,0.20000,0.20000,0.20000,0.20000,0.20000,0.20000,0.20000,0.20000,0.20000,0.20000,0.20000,0.20000,0.20000,0.20000,0.20000,0.20000
0.25000,0.25000,0.25000,0.25000,0.25000,0.25000,0.25000,0.25000,0.25000,0.25000,0.25000,0.25000,0.25000,0.25000,0.25000,0.25000,0.25000,0.25000,0.25000,0.25000,0.25000,0.25000,0.25000,0.25000,0.25000,0.25000,0.25000,0.25000,0.25000,0.25000,0.25000,0.25000,0.25000,0.25000,0.25000,0.25000,0.25000,0.25000,0.25000,0.25000,0.25000
0.30000,0.30000,0.30000,0.30000,0.30000,0.30000,0.30000,0.30000,0.30000,0.30000,0.30000,0.30000,0.30000,0.30000,0.30000,0.30000,0.30000,0.30000,0.30000,0.30000,0.30000,0.30000,0.30000,0.30000,0.30000,0.30000,0.30000,0.30000,0.30000,0.30000,0.30000,0.30000,0.30000,0.30000,0.30000,0.30000,0.30000,0.30000,0.30000,0.30000,0.30000
0.35000,0.35000,0.35000,0.35000,0.35000,0.35000,0.35000,0.35000,0.35000,0.35000,0.35000,0.35000,0.35000,0.35000,0.35000,0.35000,0.35000,0.35000,0.35000,0.35000,0.35000,0.35000,0.35000,0.35000,0.35000,0.35000,0.35000,0.35000,0.35000,0.35000,0.35000,0.35000,0.35000,0.35000,0.35000,0.35000,0.35000,0.35000,0.35000,0.35000,0.35000
0.40000,0.40000,0.40000,0.40000,0.40000,0.40000,0.40000,0.40000,0.40000,0.40000,0.40000,0.40000,0.40000,0.40000,0.40000,0.40000,0.40000,0.40000,0.40000,0.40000,0.40000,0.40000,0.40000,0.40000,0.40000,0.40000,0.40000,0.40000,0.40000,0.40000,0.40000,0.40000,0.40000,0.40000,0.40000,0.40000,0.40000,0.40000,0.40000,0.40000,0.40000
0.45000,0.45000,0.45000,0.45000,0.45000,0.45000,0.45000,0.45000,0.45000,0.45000,0.45000,0.45000,0.45000,0.45000,0.45000,0.45000,0.45000,0.45000,0.45000,0.45000,0.45000,0.45000,0.45000,0.45000,0.45000,0.45000,0.45000,0.45000,0.45000,0.45000,0.45000,0.45000,0.45000,0.45000,0.45000,0.45000,0.45000,0.45000,0.45000,0.45000,0.45000
0.50000,0.50000,0.50000,0.50000,0.50000,0.50000,0.50000,0.50000,0.50000,0.50000,0.50000,0.50000,0.50000,0.50000,0.50000,0.50000,0.50000,0.50000,0.50000,0.50000,0.50000,0.50000,0.50000,0.50000,0.50000,0.50000,0.50000,0.50000,0.50000,0.50000,0.50000,0.50000,0.50000,0.50000,0.50000,0.50000,0.50000,0.50000,0.50000,0.50000,0.50000
0.55000,0.55000,0.55000,0.55000,0.55000,0.55000,0.55000,0.55000,0.55000,0.55000,0.55000,0.55000,0.55000,0.55000,0.55000,0.55000,0.55000,0.55000,0.55000,0.55000,0.55000,0.55000,0.55000,0.55000,0.55000,0.55000,0.55000,0.55000,0.55000,0.55000,0.55000,0.55000,0.55000,0.55000,0.55000,0.55000,0.55000,0.55000,0.55000,0.55000,0.55000
0.60000,0.60000,0.60000,0.60000,0.60000,0.60000,0.60000,0.60000,0.60000,0.60000,0.60000,0.60000,0.60000,0.60000,0.60000,0.60000,0.60000,0.60000,0.60000,0.60000,0.60000,0.60000,0.60000,0.60000,0.60000,0.60000,0.60000,0.60000,0.60000,0.60000,0.60000,0.60000,0.60000,0.60000,0.60000,0.60000,0.60000,0.60000,0.60000,0.60000,0.60000
0.65000,0.65000,0.65000,0.65000,0.65000,0.65000,0.65000,0.65000,0.65000,0.65000,0.65000,0.65000,0.65000,0.65000,0.65000,0.65000,0.65000,0.65000,0.65000,0.65000,0.65000,0.65000,0.65000,0.65000,0.65000,0.65000,0.65000,0.65000,0.65000,0.65000,0.65000,0.65000,0.65000,0.65000,0.65000,0.65000,0.65000,0.65000,0.65000,0.65000,0.65000
0.70000,0.70000,0.70000,0.70000,0.70000,0.70000,0.70000,0.70000,0.70000,0.70000,0.70000,0.70000,0.70000,0.70000,0.70000,0.70000,0.70000,0.70000,0.70000,0.70000,0.70000,0.70000,0.70000,0.70000,0.70000,0.70000,0.70000,0.70000,0.70000,0.70000,0.70000,0.70000,0.70000,0.70000,0.70000,0.70000,0.70000,0.70000,0.70000,0.70000,0.70000
0.75000,0.75000,0.75000,0.75000,0.75000,0.75000,0.75000,0.75000,0.75000,0.75000,0.75000,0.75000,0.75000,0.75000,0.75000,0.75000,0.75000,0.75000,0.75000,0.75000,0.75000,0.75000,0.75000,0.75000,0.75000,0.75000,0.75000,0.75000,0.75000,0.75000,0.75000,0.75000,0.75000,0.75000,0.75000,0.75000,0.75000,0.75000,0.75000,0.75000,0.75000
0.80000,0.80000,0.80000,0.80000,0.80000,0.80000,0.80000,0.80000,0.80000,0.80000,0.80000,0.80000,0.80000,0.80000,0.80000,0.80000,0.80000,0.80000,0.80000,0.80000,0.80000,0.80000,0.80000,0.80000,0.80000,0.80000,0.80000,0.80000,0.80000,0.80000,0.80000,0.80000,0.80000,0.80000,0.80000,0.80000,0.80000,0.80000,0.80000,0.80000,0.80000
0.85000,0.85000,0.85000,0.85000,0.85000,0.85000,0.85000,0.85000,0.85000,0.85000,0.85000,0.85000,0.85000,0.85000,0.85000,0.85000,0.85000,0.85000,0.85000,0.85000,0.85000,0.85000,0.85000,0.85000,0.85000,0.85000,0.85000,0.85000,0.85000,0.85000,0.85000,0.85000,0.85000,0.85000,0.85000,0.85000,0.85000,0.85000,0.85000,0.85000,0.85000
0.90000,0.90000,0.90000,0.90000,0.90000,0.90000,0.90000,0.90000,0.90000,0.90000,0.90000,0.90000,0.90000,0.90000,0.90000,0.90000,0.90000,0.90000,0.90000,0.90000,0.90000,0.90000,0.90000,0.90000,0.90000,0.90000,0.90000,0.90000,0.90000,0.90000,0.90000,0.90000,0.90000,0.90000,0.90000,0.90000,0.90000,0.90000,0.90000,0.90000,0.90000
0.95000,0.95000,0.95000,0.95000,0.95000,0.95000,0.95000,0.95000,0.95000,0.95000,0.95000,0.95000,0.95000,0.95000,0.95000,0.95000,0.95000,0.95000,0.95000,0.95000,0.95000,0.95000,0.95000,0.95000,0.95000,0.95000,0.95000,0.95000,0.95000,0.95000,0.95000,0.95000,0.95000,0.95000,0.95000,0.95000,0.95000,0.95000,0.95000,0.95000,0.95000
1.00000,1.00000,1.00000,1.00000,1.00000,1.00000,1.00000,1.00000,1.00000,1.00000,1.00000,1.00000,1.00000,1.00000,1.00000,1.00000,1.00000,1.00000,1.00000,1.00000,1.00000,1.00000,1.00000,1.00000,1.00000,1.00000,1.00000,1.00000,1.00000,1.00000,1.00000,1.00000,1.00000,1.00000,1.00000,1.00000,1.00000,1.00000,1.00000,1.00000,1.00000
1.05000,1.05000,1.05000,1.05000,1.05000,1.05000,1.05000,1.05000,1.05000,1.05000,1.05000,1.05000,1.05000,1.05000,1.05000,1.05000,1.05000,1.05000,1.05000,1.05000,1.05000,1.05000,1.05000,1.05000,1.05000,1.05000,1.05000,1.05000,1.05000,1.05000,1.05000,1.05000,1.05000,1.05000,1.05000,1.05000,1.05000,1.05000,1.05000,1.05000,1.05000
1.10000,1.10000,1.10000,1.10000,1.10000,1.10000,1.10000,1.10000,1.10000,1.10000,1.10000,1.10000,1.10000,1.10000,1.10000,1.10000,1.10000,1.10000,1.10000,1.10000,1.10000,1.10000,1.10000,1.10000,1.10000,1.10000,1.10000,1.10000,1.10000,1.10000,1.10000,1.10000,1.10000,1.10000,1.10000,1.10000,1.10000,1.10000,1.10000,1.10000,1.10000
1.15000,1.15000,1.15000,1.15000,1.15000,1.15000,1.15000,1.15000,1.15000,1.15000,1.15000,1.15000,1.15000,1.15000,1.15000,1.15000,1.15000,1.15000,1.15000,1.15000,1.15000,1.15000,1.15000,1.15000,1.15000,1.15000,1.15000,1.15000,1.15000,1.15000,1.15000,1.15000,1.15000,1.15000,1.15000,1.15000,1.15000,1.15000,1.15000,1.15000,1.15000
1.20000,1.20000,1.20000,1.20000,1.20000,1.20000,1.20000,1.20000,1.20000,1.20000,1.20000,1.20000,1.20000,1.20000,1.20000,1.20000,1.20000,1.20000,1.20000,1.20000,1.20000,1.20000,1.20000,1.20000,1.20000,1.20000,1.20000,1.20000,1.20000,1.20000,1.20000,1.20000,1.20000,1.20000,1.20000,1.20000,1.20000,1.20000,1.20000,1.20000,1.20000
1.25000,1.25000,1.25000,1.25000,1.25000,1.25000,1.25000,1.25000,1.25000,1.25000,1.25000,1.25000,1.25000,1.25000,1.25000,1.25000,1.25000,1.25000,1.25000,1.25000,1.25000,1.25000,1.25000,1.25000,1.25000,1.25000,1.25000,1.25000,1.25000,1.25000,1.25000,1.25000,1.25000,1.25000,1.25000,1.25000,1.25000,1.25000,1.25000,1.25000,1.25000
1.30000,1.30000,1.30000,1.30000,1.30000,1.30000,1.30000,1.30000,1.30000,1.30000,1.30000,1.30000,1.30000,1.30000,1.30000,1.30000,1.30000,1.30000,1.30000,1.30000,1.30000,1.30000,1.30000,1.30000,1.30000,1.30000,1.30000,1.30000,1.30000,1.30000,1.30000,1.30000,1.30000,1.30000,1.30000,1.30000,1.30000,1.30000,1.30000,1.30000,1.30000
1.35000,1.35000,1.35000,1.35000,1.35000,1.35000,1.35000,1.35000,1.35000,1.35000,1.35000,1.35000,1.35000,1.35000,1.35000,1.35000,1.35000,1.35000,1.35000,1.35000,1.35000,1.35000,1.35000,1.35000,1.35000,1.35000,1.35000,1.35000,1.35000,1.35000,1.35000,1.35000,1.35000,1.35000,1.35000,1.35000,1.35000,1.35000,1.35000,1.35000,1.35000
1.40000,1.40000,1.40000,1.40000,1.40000,1.40000,1.40000,1.40000,1.40000,1.40000,1.40000,1.40000,1.40000,1.40000,1.40000,1.40000,1.40000,1.40000,1.40000,1.40000,1.40000,1.40000,1.40000,1.40000,1.40000,1.40000,1.40000,1.40000,1.40000,1.40000,1.40000,1.40000,1.40000,1.40000,1.40000,1.40000,1.40000,1.40000,1.40000,1.40000,1.40000
1.45000,1.45000,1.45000,1.45000,1.45000,1.45000,1.45000,1.45000,1.45000,1.45000,1.45000,1.45000,1.45000,1.45000,1.45000,1.45000,1.45000,1.45000,1.45000,1.45000,1.45000,1.45000,1.45000,1.45000,1.45000,1.45000,1.45000,1.45000,1.45000,1.45000,1.45000,1.45000,1.45000,1.45000,1.45000,1.45000,1.45000,1.45000,1.45000,1.45000,1.45000
1.50000,1.50000,1.50000,1.50000,1.50000,1.50000,1.50000,1.50000,1.50000,1.50000,1.50000,1.50000,1.50000,1.50000,1.50000,1.50000,1.50000,1.50000,1.50000,1.50000,1.50000,1.50000,1.50000,1.50000,1.50000,1.50000,1.50000,1.50000,1.50000,1.50000,1.50000,1.50000,1.50000,1.50000,1.50000,1.50000,1.50000,1.50000,1.50000,1.50000,1.50000

Y Array
-1.00000,-0.95000,-0.90000,-0.85000,-0.80000,-0.75000,-0.70000,-0.65000,-0.60000,-0.55000,-0.50000,-0.45000,-0.40000,-0.35000,-0.30000,-0.25000,-0.20000,-0.15000,-0.10000,-0.05000,0.00000,0.05000,0.10000,0.15000,0.20000,0.25000,0.30000,0.35000,0.40000,0.45000,0.50000,0.55000,0.60000,0.65000,0.70000,0.75000,0.80000,0.85000,0.90000,0.95000,1.00000
-1.00000,-0.95000,-0.90000,-0.85000,-0.80000,-0.75000,-0.70000,-0.65000,-0.60000,-0.55000,-0.50000,-0.45000,-0.40000,-0.35000,-0.30000,-0.25000,-0.20000,-0.15000,-0.10000,-0.05000,0.00000,0.05000,0.10000,0.15000,0.20000,0.25000,0.30000,0.35000,0.40000,0.45000,0.50000,0.55000,0.60000,0.65000,0.70000,0.75000,0.80000,0.85000,0.90000,0.95000,1.00000
-1.00000,-0.95000,-0.90000,-0.85000,-0.80000,-0.75000,-0.70000,-0.65000,-0.60000,-0.55000,-0.50000,-0.45000,-0.40000,-0.35000,-0.30000,-0.25000,-0.20000,-0.15000,-0.10000,-0.05000,0.00000,0.05000,0.10000,0.15000,0.20000,0.25000,0.30000,0.35000,0.40000,0.45000,0.50000,0.55000,0.60000,0.65000,0.70000,0.75000,0.80000,0.85000,0.90000,0.95000,1.00000
-1.00000,-0.95000,-0.90000,-0.85000,-0.80000,-0.75000,-0.70000,-0.65000,-0.60000,-0.55000,-0.50000,-0.45000,-0.40000,-0.35000,-0.30000,-0.25000,-0.20000,-0.15000,-0.10000,-0.05000,0.00000,0.05000,0.10000,0.15000,0.20000,0.25000,0.30000,0.35000,0.40000,0.45000,0.50000,0.55000,0.60000,0.65000,0.70000,0.75000,0.80000,0.85000,0.90000,0.95000,1.00000
-1.00000,-0.95000,-0.90000,-0.85000,-0.80000,-0.75000,-0.70000,-0.65000,-0.60000,-0.55000,-0.50000,-0.45000,-0.40000,-0.35000,-0.30000,-0.25000,-0.20000,-0.15000,-0.10000,-0.05000,0.00000,0.05000,0.10000,0.15000,0.20000,0.25000,0.30000,0.35000,0.40000,0.45000,0.50000,0.55000,0.60000,0.65000,0.70000,0.75000,0.80000,0.85000,0.90000,0.95000,1.00000
-1.00000,-0.95000,-0.90000,-0.85000,-0.80000,-0.75000,-0.70000,-0.65000,-0.60000,-0.55000,-0.50000,-0.45000,-0.40000,-0.35000,-0.30000,-0.25000,-0.20000,-0.15000,-0.10000,-0.05000,0.00000,0.05000,0.10000,0.15000,0.20000,0.25000,0.30000,0.35000,0.40000,0.45000,0.50000,0.55000,0.60000,0.65000,0.70000,0.75000,0.80000,0.85000,0.90000,0.95000,1.00000
-1.00000,-0.95000,-0.90000,-0.85000,-0.80000,-0.75000,-0.70000,-0.65000,-0.60000,-0.55000,-0.50000,-0.45000,-0.40000,-0.35000,-0.30000,-0.25000,-0.20000,-0.15000,-0.10000,-0.05000,0.00000,0.05000,0.10000,0.15000,0.20000,0.25000,0.30000,0.35000,0.40000,0.45000,0.50000,0.55000,0.60000,0.65000,0.70000,0.75000,0.80000,0.85000,0.90000,0.95000,1.00000
-1.00000,-0.95000,-0.90000,-0.85000,-0.80000,-0.75000,-0.70000,-0.65000,-0.60000,-0.55000,-0.50000,-0.45000,-0.40000,-0.35000,-0.30000,-0.25000,-0.20000,-0.15000,-0.10000,-0.05000,0.00000,0.05000,0.10000,0.15000,0.20000,0.25000,0.30000,0.35000,0.40000,0.45000,0.50000,0.55000,0.60000,0.65000,0.70000,0.75000,0.80000,0.85000,0.90000,0.95000,1.00000
-1.00000,-0.95000,-0.90000,-0.85000,-0.80000,-0.75000,-0.70000,-0.65000,-0.60000,-0.55000,-0.50000,-0.45000,-0.40000,-0.35000,-0.30000,-0.25000,-0.20000,-0.15000,-0.10000,-0.05000,0.00000,0.05000,0.10000,0.15000,0.20000,0.25000,0.30000,0.35000,0.40000,0.45000,0.50000,0.55000,0.60000,0.65000,0.70000,0.75000,0.80000,0.85000,0.90000,0.95000,1.00000
-1.00000,-0.95000,-0.90000,-0.85000,-0.80000,-0.75000,-0.70000,-0.65000,-0.60000,-0.55000,-0.50000,-0.45000,-0.40000,-0.35000,-0.30000,-0.25000,-0.20000,-0.15000,-0.10000,-0.05000,0.00000,0.05000,0.10000,0.15000,0.20000,0.25000,0.30000,0.35000,0.40000,0.45000,0.50000,0.55000,0.60000,0.65000,0.70000,0.75000,0.80000,0.85000,0.90000,0.95000,1.00000
-1.00000,-0.95000,-0.90000,-0.85000,-0.80000,-0.75000,-0.70000,-0.65000,-0.60000,-0.55000,-0.50000,-0.45000,-0.40000,-0.35000,-0.30000,-0.25000,-0.20000,-0.15000,-0.10000,-0.05000,0.00000,0.05000,0.10000,0.15000,0.20000,0.25000,0.30000,0.35000,0.40000,0.45000,0.50000,0.55000,0.60000,0.65000,0.70000,0.75000,0.80000,0.85000,0.90000,0.95000,1.00000
-1.00000,-0.95000,-0.90000,-0.85000,-0.80000,-0.75000,-0.70000,-0.65000,-0.60000,-0.55000,-0.50000,-0.45000,-0.40000,-0.35000,-0.30000,-0.25000,-0.20000,-0.15000,-0.10000,-0.05000,0.00000,0.05000,0.10000,0.15000,0.20000,0.25000,0.30000,0.35000,0.40000,0.45000,0.50000,0.55000,0.60000,0.65000,0.70000,0.75000,0.80000,0.85000,0.90000,0.95000,1.00000
-1.00000,-0.95000,-0.90000,-0.85000,-0.80000,-0.75000,-0.70000,-0.65000,-0.60000,-0.55000,-0.50000,-0.45000,-0.40000,-0.35000,-0.30000,-0.25000,-0.20000,-0.15000,-0.10000,-0.05000,0.00000,0.05000,0.10000,0.15000,0.20000,0.25000,0.30000,0.35000,0.40000,0.45000,0.50000,0.55000,0.60000,0.65000,0.70000,0.75000,0.80000,0.85000,0.90000,0.95000,1.00000
-1.00000,-0.95000,-0.90000,-0.85000,-0.80000,-0.75000,-0.70000,-0.65000,-0.60000,-0.55000,-0.50000,-0.45000,-0.40000,-0.35000,-0.30000,-0.25000,-0.20000,-0.15000,-0.10000,-0.05000,0.00000,0.05000,0.10000,0.15000,0.20000,0.25000,0.30000,0.35000,0.40000,0.45000,0.50000,0.55000,0.60000,0.65000,0.70000,0.75000,0.80000,0.85000,0.90000,0.95000,1.00000
-1.00000,-0.95000,-0.90000,-0.85000,-0.80000,-0.75000,-0.70000,-0.65000,-0.60000,-0.55000,-0.50000,-0.45000,-0.40000,-0.35000,-0.30000,-0.25000,-0.20000,-0.15000,-0.10000,-0.05000,0.00000,0.05000,0.10000,0.15000,0.20000,0.25000,0.30000,0.35000,0.40000,0.45000,0.50000,0.55000,0.60000,0.65000,0.70000,0.75000,0.80000,0.85000,0.90000,0.95000,1.00000
-1.00000,-0.95000,-0.90000,-0.85000,-0.80000,-0.75000,-0.70000,-0.65000,-0.60000,-0.55000,-0.50000,-0.45000,-0.40000,-0.35000,-0.30000,-0.25000,-0.20000,-0.15000,-0.10000,-0.05000,0.00000,0.05000,0.10000,0.15000,0.20000,0.25000,0.30000,0.35000,0.40000,0.45000,0.50000,0.55000,0.60000,0.65000,0.70000,0.75000,0.80000,0.85000,0.90000,0.95000,1.00000
-1.00000,-0.95000,-0.90000,-0.85000,-0.80000,-0.75000,-0.70000,-0.65000,-0.60000,-0.55000,-0.50000,-0.45000,-0.40000,-0.35000,-0.30000,-0.25000,-0.20000,-0.15000,-0.10000,-0.05000,0.00000,0.05000,0.10000,0.15000,0.20000,0.25000,0.30000,0.35000,0.40000,0.45000,0.50000,0.55000,0.60000,0.65000,0.70000,0.75000,0.80000,0.85000,0.90000,0.95000,1.00000
-1.00000,-0.95000,-0.90000,-0.85000,-0.80000,-0.75000,-0.70000,-0.65000,-0.60000,-0.55000,-0.50000,-0.45000,-0.40000,-0.35000,-0.30000,-0.25000,-0.20000,-0.15000,-0.10000,-0.05000,0.00000,0.05000,0.10000,0.15000,0.20000,0.25000,0.30000,0.35000,0.40000,0.45000,0.50000,0.55000,0.60000,0.65000,0.70000,0.75000,0.80000,0.85000,0.90000,0.95000,1.00000
-1.00000,-0.95000,-0.90000,-0.85000,-0.80000,-0.75000,-0.70000,-0.65000,-0.60000,-0.55000,-0.50000,-0.45000,-0.40000,-0.35000,-0.30000,-0.25000,-0.20000,-0.15000,-0.10000,-0.05000,0.00000,0.05000,0.10000,0.15000,0.20000,0.25000,0.30000,0.35000,0.40000,0.45000,0.50000,0.55000,0.60000,0.65000,0.70000,0.75000,0.80000,0.85000,0.90000,0.95000,1.00000
-1.00000,-0.95000,-0.90000,-0.85000,-0.80000,-0.75000,-0.70000,-0.65000,-0.60000,-0.55000,-0.50000,-0.45000,-0.40000,-0.35000,-0.30000,-0.25000,-0.20000,-0.15000,-0.10000,-0.05000,0.00000,0.05000,0.10000,0.15000,0.20000,0.25000,0.30000,0.35000,0.40000,0.45000,0.50000,0.55000,0.60000,0.65000,0.70000,0.75000,0.80000,0.85000,0.90000,0.95000,1.00000
-1.00000,-0.95000,-0.90000,-0.85000,-0.80000,-0.75000,-0.70000,-0.65000,-0.60000,-0.55000,-0.50000,-0.45000,-0.40000,-0.35000,-0.30000,-0.25000,-0.20000,-0.15000,-0.10000,-0.05000,0.00000,0.05000,0.10000,0.15000,0.20000,0.25000,0.30000,0.35000,0.40000,0.45000,0.50000,0.55000,0.60000,0.65000,0.70000,0.75000,0.80000,0.85000,0.90000,0.95000,1.00000
-1.00000,-0.95000,-0.90000,-0.85000,-0.80000,-0.75000,-0.70000,-0.65000,-0.60000,-0.55000,-0.50000,-0.45000,-0.40000,-0.35000,-0.30000,-0.25000,-0.20000,-0.15000,-0.10000,-0.05000,0.00000,0.05000,0.10000,0.15000,0.20000,0.25000,0.30000,0.35000,0.40000,0.45000,0.50000,0.55000,0.60000,0.65000,0.70000,0.75000,0.80000,0.85000,0.90000,0.95000,1.00000
-1.00000,-0.95000,-0.90000,-0.85000,-0.80000,-0.75000,-0.70000,-0.65000,-0.60000,-0.55000,-0.50000,-0.45000,-0.40000,-0.35000,-0.30000,-0.25000,-0.20000,-0.15000,-0.10000,-0.05000,0.00000,0.05000,0.10000,0.15000,0.20000,0.25000,0.30000,0.35000,0.40000,0.45000,0.50000,0.55000,0.60000,0.65000,0.70000,0.75000,0.80000,0.85000,0.90000,0.95000,1.00000
-1.00000,-0.95000,-0.90000,-0.85000,-0.80000,-0.75000,-0.70000,-0.65000,-0.60000,-0.55000,-0.50000,-0.45000,-0.40000,-0.35000,-0.30000,-0.25000,-0.20000,-0.15000,-0.10000,-0.05000,0.00000,0.05000,0.10000,0.15000,0.20000,0.25000,0.30000,0.35000,0.40000,0.45000,0.50000,0.55000,0.60000,0.65000,0.70000,0.75000,0.80000,0.85000,0.90000,0.95000,1.00000
-1.00000,-0.95000,-0.90000,-0.85000,-0.80000,-0.75000,-0.70000,-0.65000,-0.60000,-0.55000,-0.50000,-0.45000,-0.40000,-0.35000,-0.30000,-0.25000,-0.20000,-0.15000,-0.10000,-0.05000,0.00000,0.05000,0.10000,0.15000,0.20000,0.25000,0.30000,0.35000,0.40000,0.45000,0.50000,0.55000,0.60000,0.65000,0.70000,0.75000,0.80000,0.85000,0.90000,0.95000,1.00000
-1.00000,-0.95000,-0.90000,-0.85000,-0.80000,-0.75000,-0.70000,-0.65000,-0.60000,-0.55000,-0.50000,-0.45000,-0.40000,-0.35000,-0.30000,-0.25000,-0.20000,-0.15000,-0.10000,-0.05000,0.00000,0.05000,0.10000,0.15000,0.20000,0.25000,0.30000,0.35000,0.40000,0.45000,0.50000,0.55000,0.60000,0.65000,0.70000,0.75000,0.80000,0.85000,0.90000,0.95000,1.00000
-1.00000,-0.95000,-0.90000,-0.85000,-0.80000,-0.75000,-0.70000,-0.65000,-0.60000,-0.55000,-0.50000,-0.45000,-0.40000,-0.35000,-0.30000,-0.25000,-0.20000,-0.15000,-0.10000,-0.05000,0.00000,0.05000,0.10000,0.15000,0.20000,0.25000,0.30000,0.35000,0.40000,0.45000,0.50000,0.55000,0.60000,0.65000,0.70000,0.75000,0.80000,0.85000,0.90000,0.95000,1.00000
-1.00000,-0.95000,-0.90000,-0.85000,-0.80000,-0.75000,-0.70000,-0.65000,-0.60000,-0.55000,-0.50000,-0.45000,-0.40000,-0.35000,-0.30000,-0.25000,-0.20000,-0.15000,-0.10000,-0.05000,0.00000,0.05000,0.10000,0.15000,0.20000,0.25000,0.30000,0.35000,0.40000,0.45000,0.50000,0.55000,0.60000,0.65000,0.70000,0.75000,0.80000,0.85000,0.90000,0.95000,1.00000
-1.00000,-0.95000,-0.90000,-0.85000,-0.80000,-0.75000,-0.70000,-0.65000,-0.60000,-0.55000,-0.50000,-0.45000,-0.40000,-0.35000,-0.30000,-0.25000,-0.20000,-0.15000,-0.10000,-0.05000,0.00000,0.05000,0.10000,0.15000,0.20000,0.25000,0.30000,0.35000,0.40000,0.45000,0.50000,0.55000,0.60000,0.65000,0.70000,0.75000,0.80000,0.85000,0.90000,0.95000,1.00000
-1.00000,-0.95000,-0.90000,-0.85000,-0.80000,-0.75000,-0.70000,-0.65000,-0.60000,-0.55000,-0.50000,-0.45000,-0.40000,-0.35000,-0.30000,-0.25000,-0.20000,-0.15000,-0.10000,-0.05000,0.00000,0.05000,0.10000,0.15000,0.20000,0.25000,0.30000,0.35000,0.40000,0.45000,0.50000,0.55000,0.60000,0.65000,0.70000,0.75000,0.80000,0.85000,0.90000,0.95000,1.00000
-1.00000,-0.95000,-0.90000,-0.85000,-0.80000,-0.75000,-0.70000,-0.65000,-0.60000,-0.55000,-0.50000,-0.45000,-0.40000,-0.35000,-0.30000,-0.25000,-0.20000,-0.15000,-0.10000,-0.05000,0.00000,0.05000,0.10000,0.15000,0.20000,0.25000,0.30000,0.35000,0.40000,0.45000,0.50000,0.55000,0.60000,0.65000,0.70000,0.75000,0.80000,0.85000,0.90000,0.95000,1.00000
-1.00000,-0.95000,-0.90000,-0.85000,-0.80000,-0.75000,-0.70000,-0.65000,-0.60000,-0.55000,-0.50000,-0.45000,-0.40000,-0.35000,-0.30000,-0.25000,-0.20000,-0.15000,-0.10000,-0.05000,0.00000,0.05000,0.10000,0.15000,0.20000,0.25000,0.30000,0.35000,0.40000,0.45000,0.50000,0.55000,0.60000,0.65000,0.70000,0.75000,0.80000,0.85000,0.90000,0.95000,1.00000
-1.00000,-0.95000,-0.90000,-0.85000,-0.80000,-0.75000,-0.70000,-0.65000,-0.60000,-0.55000,-0.50000,-0.45000,-0.40000,-0.35000,-0.30000,-0.25000,-0.20000,-0.15000,-0.10000,-0.05000,0.00000,0.05000,0.10000,0.15000,0.20000,0.25000,0.30000,0.35000,0.40000,0.45000,0.50000,0.55000,0.60000,0.65000,0.70000,0.75000,0.80000,0.85000,0.90000,0.95000,1.00000
-1.00000,-0.95000,-0.90000,-0.85000,-0.80000,-0.75000,-0.70000,-0.65000,-0.60000,-0.55000,-0.50000,-0.45000,-0.40000,-0.35000,-0.30000,-0.25000,-0.20000,-0.15000,-0.10000,-0.05000,0.00000,0.05000,0.10000,0.15000,0.20000,0.25000,0.30000,0.35000,0.40000,0.45000,0.50000,0.55000,0.60000,0.65000,0.70000,0.75000,0.80000,0.85000,0.90000,0.95000,1.00000
-1.00000,-0.95000,-0.90000,-0.85000,-0.80000,-0.75000,-0.70000,-0.65000,-0.60000,-0.55000,-0.50000,-0.45000,-0.40000,-0.35000,-0.30000,-0.25000,-0.20000,-0.15000,-0.10000,-0.05000,0.00000,0.05000,0.10000,0.15000,0.20000,0.25000,0.30000,0.35000,0.40000,0.45000,0.50000,0.55000,0.60000,0.65000,0.70000,0.75000,0.80000,0.85000,0.90000,0.95000,1.00000
-1.00000,-0.95000,-0.90000,-0.85000,-0.80000,-0.75000,-0.70000,-0.65000,-0.60000,-0.55000,-0.50000,-0.45000,-0.40000,-0.35000,-0.30000,-0.25000,-0.20000,-0.15000,-0.10000,-0.05000,0.00000,0.05000,0.10000,0.15000,0.20000,0.25000,0.30000,0.35000,0.40000,0.45000,0.50000,0.55000,0.60000,0.65000,0.70000,0.75000,0.80000,0.85000,0.90000,0.95000,1.00000
-1.00000,-0.95000,-0.90000,-0.85000,-0.80000,-0.75000,-0.70000,-0.65000,-0.60000,-0.55000,-0.50000,-0.45000,-0.40000,-0.35000,-0.30000,-0.25000,-0.20000,-0.15000,-0.10000,-0.05000,0.00000,0.05000,0.10000,0.15000,0.20000,0.25000,0.30000,0.35000,0.40000,0.45000,0.50000,0.55000,0.60000,0.65000,0.70000,0.75000,0.80000,0.85000,0.90000,0.95000,1.00000
-1.00000,-0.95000,-0.90000,-0.85000,-0.80000,-0.75000,-0.70000,-0.65000,-0.60000,-0.55000,-0.50000,-0.45000,-0.40000,-0.35000,-0.30000,-0.25000,-0.20000,-0.15000,-0.10000,-0.05000,0.00000,0.05000,0.10000,0.15000,0.20000,0.25000,0.30000,0.35000,0.40000,0.45000,0.50000,0.55000,0.60000,0.65000,0.70000,0.75000,0.80000,0.85000,0.90000,0.95000,1.00000
-1.00000,-0.95000,-0.90000,-0.85000,-0.80000,-0.75000,-0.70000,-0.65000,-0.60000,-0.55000,-0.50000,-0.45000,-0.40000,-0.35000,-0.30000,-0.25000,-0.20000,-0.15000,-0.10000,-0.05000,0.00000,0.05000,0.10000,0.15000,0.20000,0.25000,0.30000,0.35000,0.40000,0.45000,0.50000,0.55000,0.60000,0.65000,0.70000,0.75000,0.80000,0.85000,0.90000,0.95000,1.00000
-1.00000,-0.95000,-0.90000,-0.85000,-0.80000,-0.75000,-0.70000,-0.65000,-0.60000,-0.55000,-0.50000,-0.45000,-0.40000,-0.35000,-0.30000,-0.25000,-0.20000,-0.15000,-0.10000,-0.05000,0.00000,0.05000,0.10000,0.15000,0.20000,0.25000,0.30000,0.35000,0.40000,0.45000,0.50000,0.55000,0.60000,0.65000,0.70000,0.75000,0.80000,0.85000,0.90000,0.95000,1.00000
-1.00000,-0.95000,-0.90000,-0.85000,-0.80000,-0.75000,-0.70000,-0.65000,-0.60000,-0.55000,-0.50000,-0.45000,-0.40000,-0.35000,-0.30000,-0.25000,-0.20000,-0.15000,-0.10000,-0.05000,0.00000,0.05000,0.10000,0.15000,0.20000,0.25000,0.30000,0.35000,0.40000,0.45000,0.50000,0.55000,0.60000,0.65000,0.70000,0.75000,0.80000,0.85000,0.90000,0.95000,1.00000
-1.00000,-0.95000,-0.90000,-0.85000,-0.80000,-0.75000,-0.70000,-0.65000,-0.60000,-0.55000,-0.50000,-0.45000,-0.40000,-0.35000,-0.30000,-0.25000,-0.20000,-0.15000,-0.10000,-0.05000,0.00000,0.05000,0.10000,0.15000,0.20000,0.25000,0.30000,0.35000,0.40000,0.45000,0.50000,0.55000,0.60000,0.65000,0.70000,0.75000,0.80000,0.85000,0.90000,0.95000,1.00000
-1.00000,-0.95000,-0.90000,-0.85000,-0.80000,-0.75000,-0.70000,-0.65000,-0.60000,-0.55000,-0.50000,-0.45000,-0.40000,-0.35000,-0.30000,-0.25000,-0.20000,-0.15000,-0.10000,-0.05000,0.00000,0.05000,0.10000,0.15000,0.20000,0.25000,0.30000,0.35000,0.40000,0.45000,0.50000,0.55000,0.60000,0.65000,0.70000,0.75000,0.80000,0.85000,0.90000,0.95000,1.00000
-1.00000,-0.95000,-0.90000,-0.85000,-0.80000,-0.75000,-0.70000,-0.65000,-0.60000,-0.55000,-0.50000,-0.45000,-0.40000,-0.35000,-0.30000,-0.25000,-0.20000,-0.15000,-0.10000,-0.05000,0.00000,0.05000,0.10000,0.15000,0.20000,0.25000,0.30000,0.35000,0.40000,0.45000,0.50000,0.55000,0.60000,0.65000,0.70000,0.75000,0.80000,0.85000,0.90000,0.95000,1.00000
-1.00000,-0.95000,-0.90000,-0.85000,-0.80000,-0.75000,-0.70000,-0.65000,-0.60000,-0.55000,-0.50000,-0.45000,-0.40000,-0.35000,-0.30000,-0.25000,-0.20000,-0.15000,-0.10000,-0.05000,0.00000,0.05000,0.10000,0.15000,0.20000,0.25000,0.30000,0.35000,0.40000,0.45000,0.50000,0.55000,0.60000,0.65000,0.70000,0.75000,0.80000,0.85000,0.90000,0.95000,1.00000
-1.00000,-0.95000,-0.90000,-0.85000,-0.80000,-0.75000,-0.70000,-0.65000,-0.60000,-0.55000,-0.50000,-0.45000,-0.40000,-0.35000,-0.30000,-0.25000,-0.20000,-0.15000,-0.10000,-0.05000,0.00000,0.05000,0.10000,0.15000,0.20000,0.25000,0.30000,0.35000,0.40000,0.45000,0.50000,0.55000,0.60000,0.65000,0.70000,0.75000,0.80000,0.85000,0.90000,0.95000,1.00000
-1.00000,-0.95000,-0.90000,-0.85000,-0.80000,-0.75000,-0.70000,-0.65000,-0.60000,-0.55000,-0.50000,-0.45000,-0.40000,-0.35000,-0.30000,-0.25000,-0.20000,-0.15000,-0.10000,-0.05000,0.00000,0.05000,0.10000,0.15000,0.20000,0.25000,0.30000,0.35000,0.40000,0.45000,0.50000,0.55000,0.60000,0.65000,0.70000,0.75000,0.80000,0.85000,0.90000,0.95000,1.00000
-1.00000,-0.95000,-0.90000,-0.85000,-0.80000,-0.75000,-0.70000,-0.65000,-0.60000,-0.55000,-0.50000,-0.45000,-0.40000,-0.35000,-0.30000,-0.25000,-0.20000,-0.15000,-0.10000,-0.05000,0.00000,0.05000,0.10000,0.15000,0.20000,0.25000,0.30000,0.35000,0.40000,0.45000,0.50000,0.55000,0.60000,0.65000,0.70000,0.75000,0.80000,0.85000,0.90000,0.95000,1.00000
-1.00000,-0.95000,-0.90000,-0.85000,-0.80000,-0.75000,-0.70000,-0.65000,-0.60000,-0.55000,-0.50000,-0.45000,-0.40000,-0.35000,-0.30000,-0.25000,-0.20000,-0.15000,-0.10000,-0.05000,0.00000,0.05000,0.10000,0.15000,0.20000,0.25000,0.30000,0.35000,0.40000,0.45000,0.50000,0.55000,0.60000,0.65000,0.70000,0.75000,0.80000,0.85000,0.90000,0.95000,1.00000
-1.00000,-0.95000,-0.90000,-0.85000,-0.80000,-0.75000,-0.70000,-0.65000,-0.60000,-0.55000,-0.50000,-0.45000,-0.40000,-0.35000,-0.30000,-0.25000,-0.20000,-0.15000,-0.10000,-0.05000,0.00000,0.05000,0.10000,0.15000,0.20000,0.25000,0.30000,0.35000,0.40000,0.45000,0.50000,0.55000,0.60000,0.65000,0.70000,0.75000,0.80000,0.85000,0.90000,0.95000,1.00000
-1.00000,-0.95000,-0.90000,-0.85000,-0.80000,-0.75000,-0.70000,-0.65000,-0.60000,-0.55000,-0.50000,-0.45000,-0.40000,-0.35000,-0.30000,-0.25000,-0.20000,-0.15000,-0.10000,-0.05000,0.00000,0.05000,0.10000,0.15000,0.20000,0.25000,0.30000,0.35000,0.40000,0.45000,0.50000,0.55000,0.60000,0.65000,0.70000,0.75000,0.80000,0.85000,0.90000,0.95000,1.00000
-1.00000,-0.95000,-0.90000,-0.85000,-0.80000,-0.75000,-0.70000,-0.65000,-0.60000,-0.55000,-0.50000,-0.45000,-0.40000,-0.35000,-0.30000,-0.25000,-0.20000,-0.15000,-0.10000,-0.05000,0.00000,0.05000,0.10000,0.15000,0.20000,0.25000,0.30000,0.35000,0.40000,0.45000,0.50000,0.55000,0.60000,0.65000,0.70000,0.75000,0.80000,0.85000,0.90000,0.95000,1.00000
-1.00000,-0.95000,-0.90000,-0.85000,-0.80000,-0.75000,-0.70000,-0.65000,-0.60000,-0.55000,-0.50000,-0.45000,-0.40000,-0.35000,-0.30000,-0.25000,-0.20000,-0.15000,-0.10000,-0.05000,0.00000,0.05000,0.10000,0.15000,0.20000,0.25000,0.30000,0.35000,0.40000,0.45000,0.50000,0.55000,0.60000,0.65000,0.70000,0.75000,0.80000,0.85000,0.90000,0.95000,1.00000
-1.00000,-0.95000,-0.90000,-0.85000,-0.80000,-0.75000,-0.70000,-0.65000,-0.60000,-0.55000,-0.50000,-0.45000,-0.40000,-0.35000,-0.30000,-0.25000,-0.20000,-0.15000,-0.10000,-0.05000,0.00000,0.05000,0.10000,0.15000,0.20000,0.25000,0.30000,0.35000,0.40000,0.45000,0.50000,0.55000,0.60000,0.65000,0.70000,0.75000,0.80000,0.85000,0.90000,0.95000,1.00000
-1.00000,-0.95000,-0.90000,-0.85000,-0.80000,-0.75000,-0.70000,-0.65000,-0.60000,-0.55000,-0.50000,-0.45000,-0.40000,-0.35000,-0.30000,-0.25000,-0.20000,-0.15000,-0.10000,-0.05000,0.00000,0.05000,0.10000,0.15000,0.20000,0.25000,0.30000,0.35000,0.40000,0.45000,0.50000,0.55000,0.60000,0.65000,0.70000,0.75000,0.80000,0.85000,0.90000,0.95000,1.00000
-1.00000,-0.95000,-0.90000,-0.85000,-0.80000,-0.75000,-0.70000,-0.65000,-0.60000,-0.55000,-0.50000,-0.45000,-0.40000,-0.35000,-0.30000,-0.25000,-0.20000,-0.15000,-0.10000,-0.05000,0.00000,0.05000,0.10000,0.15000,0.20000,0.25000,0.30000,0.35000,0.40000,0.45000,0.50000,0.55000,0.60000,0.65000,0.70000,0.75000,0.80000,0.85000,0.90000,0.95000,1.00000
-1.00000,-0.95000,-0.90000,-0.85000,-0.80000,-0.75000,-0.70000,-0.65000,-0.60000,-0.55000,-0.50000,-0.45000,-0.40000,-0.35000,-0.30000,-0.25000,-0.20000,-0.15000,-0.10000,-0.05000,0.00000,0.05000,0.10000,0.15000,0.20000,0.25000,0.30000,0.35000,0.40000,0.45000,0.50000,0.55000,0.60000,0.65000,0.70000,0.75000,0.80000,0.85000,0.90000,0.95000,1.00000
-1.00000,-0.95000,-0.90000,-0.85000,-0.80000,-0.75000,-0.70000,-0.65000,-0.60000,-0.55000,-0.50000,-0.45000,-0.40000,-0.35000,-0.30000,-0.25000,-0.20000,-0.15000,-0.10000,-0.05000,0.00000,0.05000,0.10000,0.15000,0.20000,0.25000,0.30000,0.35000,0.40000,0.45000,0.50000,0.55000,0.60000,0.65000,0.70000,0.75000,0.80000,0.85000,0.90000,0.95000,1.00000
-1.00000,-0.95000,-0.90000,-0.85000,-0.80000,-0.75000,-0.70000,-0.65000,-0.60000,-0.55000,-0.50000,-0.45000,-0.40000,-0.35000,-0.30000,-0.25000,-0.20000,-0.15000,-0.10000,-0.05000,0.00000,0.05000,0.10000,0.15000,0.20000,0.25000,0.30000,0.35000,0.40000,0.45000,0.50000,0.55000,0.60000,0.65000,0.70000,0.75000,0.80000,0.85000,0.90000,0.95000,1.00000
-1.00000,-0.95000,-0.90000,-0.85000,-0.80000,-0.75000,-0.70000,-0.65000,-0.60000,-0.55000,-0.50000,-0.45000,-0.40000,-0.35000,-0.30000,-0.25000,-0.20000,-0.15000,-0.10000,-0.05000,0.00000,0.05000,0.10000,0.15000,0.20000,0.25000,0.30000,0.35000,0.40000,0.45000,0.50000,0.55000,0.60000,0.65000,0.70000,0.75000,0.80000,0.85000,0.90000,0.95000,1.00000
-1.00000,-0.95000,-0.90000,-0.85000,-0.80000,-0.75000,-0.70000,-0.65000,-0.60000,-0.55000,-0.50000,-0.45000,-0.40000,-0.35000,-0.30000,-0.25000,-0.20000,-0.15000,-0.10000,-0.05000,0.00000,0.05000,0.10000,0.15000,0.20000,0.25000,0.30000,0.35000,0.40000,0.45000,0.50000,0.55000,0.60000,0.65000,0.70000,0.75000,0.80000,0.85000,0.90000,0.95000,1.00000

Edges of Connectivity Graph
Iteration 1,[]
Iteration 2,[]
Iteration 3,[]
Iteration 4,[]
Iteration 5,[]
Iteration 6,[]
Iteration 7,[]
Iteration 8,[]
Iteration 9,[]
Iteration 10,[]
Iteration 11,[]
Iteration 12,[]
Iteration 13,[]
Iteration 14,[]
Iteration 15,[]
Iteration 16,[]
Iteration 17,[]
Iteration 18,[]
Iteration 19,[]
Iteration 20,[]
Iteration 21,[]
Iteration 22,[]
Iteration 23,[]
Iteration 24,[]
Iteration 25,[]
Iteration 26,[]
Iteration 27,[]
Iteration 28,[]
Iteration 29,[]
Iteration 30,[]
Iteration 31,[]
Iteration 32,[]
Iteration 33,[]
Iteration 34,[]
Iteration 35,[]
Iteration 36,[]
Iteration 37,[]
Iteration 38,[]
Iteration 39,[]
Iteration 40,[]
Iteration 41,[]
Iteration 42,[]
Iteration 43,[]
Iteration 44,[]
Iteration 45,[]
Iteration 46,[]
Iteration 47,[]
Iteration 48,[]
Iteration 49,[]
Iteration 50,[]
Iteration 51,[]
Iteration 52,[]
Iteration 53,[]
Iteration 54,[]
Iteration 55,[]
Iteration 56,[]
Iteration 57,[]
Iteration 58,[]
Iteration 59,[]
Iteration 60,[]
Iteration 61,[]
Iteration 62,[]
Iteration 63,[]
Iteration 64,[]
Iteration 65,[]
Iteration 66,[]
Iteration 67,[]
Iteration 68,[]
Iteration 69,[]
Iteration 70,[]
Iteration 71,[]
Iteration 72,[]
Iteration 73,[]
Iteration 74,[]
Iteration 75,[]
Iteration 76,[]
Iteration 77,[]
Iteration 78,[]
Iteration 79,[]
Iteration 80,[]
Iteration 81,[]
Iteration 82,[]
Iteration 83,[]
Iteration 84,[]
Iteration 85,[]
Iteration 86,[]
Iteration 87,[]
Iteration 88,[]
Iteration 89,[]
Iteration 90,[]
Iteration 91,[]
Iteration 92,[]
Iteration 93,[]
Iteration 94,[]
Iteration 95,[]
Iteration 96,[]
Iteration 97,[]
Iteration 98,[]
Iteration 99,[]
Iteration 100,[]
Iteration 101,[]
Iteration 102,[]
Iteration 103,[]
Iteration 104,[]
Iteration 105,[]
Iteration 106,[]
Iteration 107,[]
Iteration 108,[]
Iteration 109,[]
Iteration 110,[]
Iteration 111,[]
Iteration 112,[]
Iteration 113,[]
Iteration 114,[]
Iteration 115,[]
Iteration 116,[]
Iteration 117,[]
Iteration 118,[]
Iteration 119,[]
Iteration 120,[]
Iteration 121,[]
Iteration 122,[]
Iteration 123,[]
Iteration 124,[]
Iteration 125,[]
Iteration 126,[]
Iteration 127,[]
Iteration 128,[]
Iteration 129,[]
Iteration 130,[]
Iteration 131,[]
Iteration 132,[]
Iteration 133,[]
Iteration 134,[]
Iteration 135,[]
Iteration 136,[]
Iteration 137,[]
Iteration 138,[]
Iteration 139,[]
Iteration 140,[]
Iteration 141,[]
Iteration 142,[]
Iteration 143,[]
Iteration 144,[]
Iteration 145,[]
Iteration 146,[]
Iteration 147,[]
Iteration 148,[]
Iteration 149,[]
Iteration 150,[]
Iteration 151,[]
Iteration 152,[]
Iteration 153,[]
Iteration 154,[]
Iteration 155,[]
Iteration 156,[]
Iteration 157,[]
Iteration 158,[]
Iteration 159,[]
Iteration 160,[]
Iteration 161,[]
Iteration 162,[]
Iteration 163,[]
Iteration 164,[]
Iteration 165,[]
Iteration 166,[]
Iteration 167,[]
Iteration 168,[]
Iteration 169,[]
Iteration 170,[]
Iteration 171,[]
Iteration 172,[]
Iteration 173,[]
Iteration 174,[]
Iteration 175,[]
Iteration 176,[]
Iteration 177,[]
Iteration 178,[]
Iteration 179,[]
Iteration 180,[]
Iteration 181,[]
Iteration 182,[]
Iteration 183,[]
Iteration 184,[]
Iteration 185,[]
Iteration 186,[]
Iteration 187,[]
Iteration 188,[]
Iteration 189,[]
Iteration 190,[]
Iteration 191,[]
Iteration 192,[]
Iteration 193,[]
Iteration 194,[]
Iteration 195,[]
Iteration 196,[]
Iteration 197,[]
Iteration 198,[]
Iteration 199,[]
Iteration 200,[]
Iteration 201,[]
Iteration 202,[]
Iteration 203,[]
Iteration 204,[]
Iteration 205,[]
Iteration 206,[]
Iteration 207,[]
Iteration 208,[]
Iteration 209,[]
Iteration 210,[]
Iteration 211,[]
Iteration 212,[]
Iteration 213,[]
Iteration 214,[]
Iteration 215,[]
Iteration 216,[]
Iteration 217,[]
Iteration 218,[]
Iteration 219,[]
Iteration 220,[]
Iteration 221,[]
Iteration 222,[]
Iteration 223,[]
Iteration 224,[]
Iteration 225,[]
Iteration 226,[]
Iteration 227,[]
Iteration 228,[]
Iteration 229,[]
Iteration 230,[]
Iteration 231,[]
Iteration 232,[]
Iteration 233,[]
Iteration 234,[]
Iteration 235,[]
Iteration 236,[]
Iteration 237,[]
Iteration 238,[]
Iteration 239,[]
Iteration 240,[]
Iteration 241,[]
Iteration 242,[]
Iteration 243,[]
Iteration 244,[]
Iteration 245,[]
Iteration 246,[]
Iteration 247,[]
Iteration 248,[]
Iteration 249,[]
Iteration 250,[]
Iteration 251,[]
Iteration 252,[]
Iteration 253,[]
Iteration 254,[]
Iteration 255,[]
Iteration 256,[]
Iteration 257,[]
Iteration 258,[]
Iteration 259,[]
Iteration 260,[]
Iteration 261,[]
Iteration 262,[]
Iteration 263,[]
Iteration 264,[]
Iteration 265,[]
Iteration 266,[]
Iteration 267,[]
Iteration 268,[]
Iteration 269,[]
Iteration 270,[]
Iteration 271,[]
Iteration 272,[]
Iteration 273,[]
Iteration 274,[]
Iteration 275,[]
Iteration 276,[]
Iteration 277,[]
Iteration 278,[]
Iteration 279,[]
Iteration 280,[]
Iteration 281,[]
Iteration 282,[]
Iteration 283,[]
Iteration 284,[]
Iteration 285,[]
Iteration 286,[]
Iteration 287,[]
Iteration 288,[]
Iteration 289,[]
Iteration 290,[]
Iteration 291,[]
Iteration 292,[]
Iteration 293,[]
Iteration 294,[]
Iteration 295,[]
Iteration 296,[]
Iteration 297,[]
Iteration 298,[]
Iteration 299,[]
Iteration 300,[]
Iteration 301,[]
Iteration 302,[]
Iteration 303,[]
Iteration 304,[]
Iteration 305,[]
Iteration 306,[]
Iteration 307,[]
Iteration 308,[]
Iteration 309,[]
Iteration 310,[]
Iteration 311,[]
Iteration 312,[]
Iteration 313,[]
Iteration 314,[]
Iteration 315,[]
Iteration 316,[]
Iteration 317,[]
Iteration 318,[]
Iteration 319,[]
Iteration 320,[]
Iteration 321,[]
Iteration 322,[]
Iteration 323,[]
Iteration 324,[]
Iteration 325,[]
Iteration 326,[]
Iteration 327,[]
Iteration 328,[]
Iteration 329,[]
Iteration 330,[]
Iteration 331,[]
Iteration 332,[]
Iteration 333,[]
Iteration 334,[]
Iteration 335,[]
Iteration 336,[]
Iteration 337,[]
Iteration 338,[]
Iteration 339,[]
Iteration 340,[]
Iteration 341,[]
Iteration 342,[]
Iteration 343,[]
Iteration 344,[]
Iteration 345,[]
Iteration 346,[]
Iteration 347,[]
Iteration 348,[]
Iteration 349,[]
Iteration 350,[]
Iteration 351,[]
Iteration 352,[]
Iteration 353,[]
Iteration 354,[]
Iteration 355,[]

Algebraic Connectivity
Iteration 1: 1.9999999999999991
Iteration 2: 1.9999999999999991
Iteration 3: 1.9999999999999991
Iteration 4: 1.9999999999999991
Iteration 5: 1.9999999999999991
Iteration 6: 1.9999999999999991
Iteration 7: 1.9999999999999991
Iteration 8: 1.9999999999999991
Iteration 9: 1.9999999999999991
Iteration 10: 1.9999999999999991
Iteration 11: 1.9999999999999991
Iteration 12: 1.9999999999999991
Iteration 13: 1.9999999999999991
Iteration 14: 1.9999999999999991
Iteration 15: 0.9999999999999989
Iteration 16: 0.9999999999999989
Iteration 17: 0.9999999999999989
Iteration 18: 0.9999999999999989
Iteration 19: 0.9999999999999989
Iteration 20: 0.9999999999999989
Iteration 21: 0.9999999999999989
Iteration 22: 0.9999999999999989
Iteration 23: 0.9999999999999989
Iteration 24: 0.9999999999999989
Iteration 25: 0.9999999999999989
Iteration 26: 0.9999999999999989
Iteration 27: 0.9999999999999989
Iteration 28: 0.8299135133739668
Iteration 29: 0.8299135133739668
Iteration 30: 0.8299135133739668
Iteration 31: 0.8299135133739668
Iteration 32: 0.8299135133739668
Iteration 33: 0.8299135133739668
Iteration 34: 0.8299135133739668
Iteration 35: 0.8299135133739668
Iteration 36: 0.8299135133739668
Iteration 37: 0.8299135133739668
Iteration 38: 0.5188056959079836
Iteration 39: 0.5188056959079836
Iteration 40: 0.5188056959079836
Iteration 41: 0.5188056959079836
Iteration 42: 0.5188056959079836
Iteration 43: 0.5188056959079836
Iteration 44: 0.5188056959079836
Iteration 45: 0.5188056959079836
Iteration 46: 0.5188056959079836
Iteration 47: 0.5188056959079836
Iteration 48: 0.5188056959079836
Iteration 49: 0.5188056959079836
Iteration 50: 0.5188056959079836
Iteration 51: 0.5188056959079836
Iteration 52: 0.5188056959079836
Iteration 53: 0.5188056959079836
Iteration 54: 0.5188056959079836
Iteration 55: 0.5188056959079836
Iteration 56: 0.5188056959079836
Iteration 57: 0.38196601125010504
Iteration 58: 0.38196601125010504
Iteration 59: 0.38196601125010504
Iteration 60: 0.38196601125010504
Iteration 61: 0.38196601125010504
Iteration 62: 0.38196601125010504
Iteration 63: 0.38196601125010504
Iteration 64: 0.38196601125010504
Iteration 65: 0.38196601125010504
Iteration 66: 0.38196601125010504
Iteration 67: 0.38196601125010504
Iteration 68: 0.38196601125010504
Iteration 69: 0.38196601125010504
Iteration 70: 0.38196601125010504
Iteration 71: 0.38196601125010504
Iteration 72: 0.38196601125010504
Iteration 73: 0.38196601125010504
Iteration 74: 0.38196601125010504
Iteration 75: 0.38196601125010504
Iteration 76: 0.38196601125010504
Iteration 77: 0.38196601125010504
Iteration 78: 0.38196601125010504
Iteration 79: 0.38196601125010504
Iteration 80: 0.38196601125010504
Iteration 81: -1.1398374912206868e-17
Iteration 82: -1.1398374912206868e-17
Iteration 83: -1.1398374912206868e-17
Iteration 84: -1.1398374912206868e-17
Iteration 85: -1.1398374912206868e-17
Iteration 86: -1.1398374912206868e-17
Iteration 87: -1.1398374912206868e-17
Iteration 88: -1.1398374912206868e-17
Iteration 89: -1.1398374912206868e-17
Iteration 90: -1.1398374912206868e-17
Iteration 91: -1.1398374912206868e-17
Iteration 92: -1.1398374912206868e-17
Iteration 93: -1.1398374912206868e-17
Iteration 94: -1.1398374912206868e-17
Iteration 95: -1.1398374912206868e-17
Iteration 96: -1.1398374912206868e-17
Iteration 97: -1.1398374912206868e-17
Iteration 98: -1.1398374912206868e-17
Iteration 99: -1.1398374912206868e-17
Iteration 100: -1.1398374912206868e-17
Iteration 101: -1.1398374912206868e-17
Iteration 102: -1.1398374912206868e-17
Iteration 103: -1.1398374912206868e-17
Iteration 104: -1.1398374912206868e-17
Iteration 105: -1.1398374912206868e-17
Iteration 106: -1.1398374912206868e-17
Iteration 107: -1.1398374912206868e-17
Iteration 108: 0.0
Iteration 109: 0.0
Iteration 110: 0.0
Iteration 111: 0.0
Iteration 112: 0.0
Iteration 113: 0.0
Iteration 114: 0.0
Iteration 115: 0.0
Iteration 116: 0.0
Iteration 117: 0.0
Iteration 118: 0.0
Iteration 119: 0.0
Iteration 120: 0.0
Iteration 121: 0.0
Iteration 122: 0.0
Iteration 123: 0.0
Iteration 124: 0.0
Iteration 125: 0.0
Iteration 126: 0.0
Iteration 127: 0.0
Iteration 128: 0.0
Iteration 129: 0.0
Iteration 130: 0.0
Iteration 131: 0.0
Iteration 132: 0.0
Iteration 133: 0.0
Iteration 134: 0.0
Iteration 135: 0.0
Iteration 136: 0.0
Iteration 137: 0.0
Iteration 138: 0.0
Iteration 139: 0.0
Iteration 140: 0.0
Iteration 141: 0.0
Iteration 142: 0.0
Iteration 143: 0.0
Iteration 144: 0.0
Iteration 145: 0.0
Iteration 146: 0.0
Iteration 147: 0.0
Iteration 148: 0.0
Iteration 149: 0.0
Iteration 150: 0.0
Iteration 151: 0.0
Iteration 152: 0.0
Iteration 153: 0.0
Iteration 154: 0.0
Iteration 155: 0.0
Iteration 156: 0.0
Iteration 157: 0.0
Iteration 158: 0.0
Iteration 159: 0.0
Iteration 160: 0.0
Iteration 161: 0.0
Iteration 162: 0.0
Iteration 163: 0.0
Iteration 164: 0.0
Iteration 165: 0.0
Iteration 166: 0.0
Iteration 167: 0.0
Iteration 168: 0.0
Iteration 169: 0.0
Iteration 170: 0.0
Iteration 171: 0.0
Iteration 172: 0.0
Iteration 173: 0.0
Iteration 174: 0.0
Iteration 175: 0.0
Iteration 176: 0.0
Iteration 177: 0.0
Iteration 178: 0.0
Iteration 179: 0.0
Iteration 180: 0.0
Iteration 181: 0.0
Iteration 182: 0.0
Iteration 183: 0.0
Iteration 184: 0.0
Iteration 185: 0.0
Iteration 186: 0.0
Iteration 187: 0.0
Iteration 188: 0.0
Iteration 189: 0.0
Iteration 190: 0.0
Iteration 191: 0.0
Iteration 192: 0.0
Iteration 193: 0.0
Iteration 194: 0.0
Iteration 195: 0.0
Iteration 196: 0.0
Iteration 197: 0.0
Iteration 198: 0.0
Iteration 199: 0.0
Iteration 200: 0.0
Iteration 201: 0.0
Iteration 202: 0.0
Iteration 203: 0.0
Iteration 204: 0.0
Iteration 205: 0.0
Iteration 206: 0.0
Iteration 207: 0.0
Iteration 208: 0.0
Iteration 209: 0.0
Iteration 210: 0.0
Iteration 211: 0.0
Iteration 212: 0.0
Iteration 213: 0.0
Iteration 214: 0.0
Iteration 215: 0.0
Iteration 216: 0.0
Iteration 217: 0.0
Iteration 218: 0.0
Iteration 219: 0.0
Iteration 220: 0.0
Iteration 221: 0.0
Iteration 222: 0.0
Iteration 223: 0.0
Iteration 224: 0.0
Iteration 225: 0.0
Iteration 226: 0.0
Iteration 227: 0.0
Iteration 228: 0.0
Iteration 229: 0.0
Iteration 230: 0.0
Iteration 231: 0.0
Iteration 232: 0.0
Iteration 233: 0.0
Iteration 234: 0.0
Iteration 235: 0.0
Iteration 236: 0.0
Iteration 237: 0.0
Iteration 238: 0.0
Iteration 239: 0.0
Iteration 240: 0.0
Iteration 241: 0.0
Iteration 242: 0.0
Iteration 243: 0.0
Iteration 244: 0.0
Iteration 245: 0.0
Iteration 246: 0.0
Iteration 247: 0.0
Iteration 248: 0.0
Iteration 249: 0.0
Iteration 250: 0.0
Iteration 251: 0.0
Iteration 252: 0.0
Iteration 253: 0.0
Iteration 254: 0.0
Iteration 255: 0.0
Iteration 256: 0.0
Iteration 257: 0.0
Iteration 258: 0.0
Iteration 259: 0.0
Iteration 260: 0.0
Iteration 261: 0.0
Iteration 262: 0.0
Iteration 263: 0.0
Iteration 264: 0.0
Iteration 265: 0.0
Iteration 266: 0.0
Iteration 267: 0.0
Iteration 268: 0.0
Iteration 269: 0.0
Iteration 270: 0.0
Iteration 271: 0.0
Iteration 272: 0.0
Iteration 273: 0.0
Iteration 274: 0.0
Iteration 275: 0.0
Iteration 276: 0.0
Iteration 277: 0.0
Iteration 278: 0.0
Iteration 279: 0.0
Iteration 280: 0.0
Iteration 281: 0.0
Iteration 282: 0.0
Iteration 283: 0.0
Iteration 284: 0.0
Iteration 285: 0.0
Iteration 286: 0.0
Iteration 287: 0.0
Iteration 288: 0.0
Iteration 289: 0.0
Iteration 290: 0.0
Iteration 291: 0.0
Iteration 292: 0.0
Iteration 293: 0.0
Iteration 294: 0.0
Iteration 295: 0.0
Iteration 296: 0.0
Iteration 297: 0.0
Iteration 298: 0.0
Iteration 299: 0.0
Iteration 300: 0.0
Iteration 301: 0.0
Iteration 302: 0.0
Iteration 303: 0.0
Iteration 304: 0.0
Iteration 305: 0.0
Iteration 306: 0.0
Iteration 307: 0.0
Iteration 308: 0.0
Iteration 309: 0.0
Iteration 310: 0.0
Iteration 311: 0.0
Iteration 312: 0.0
Iteration 313: 0.0
Iteration 314: 0.0
Iteration 315: 0.0
Iteration 316: 0.0
Iteration 317: 0.0
Iteration 318: 0.0
Iteration 319: 0.0
Iteration 320: 0.0
Iteration 321: 0.0
Iteration 322: 0.0
Iteration 323: 0.0
Iteration 324: 0.0
Iteration 325: 0.0
Iteration 326: 0.0
Iteration 327: 0.0
Iteration 328: 0.0
Iteration 329: 0.0
Iteration 330: 0.0
Iteration 331: 0.0
Iteration 332: 0.0
Iteration 333: 0.0
Iteration 334: 0.0
Iteration 335: 0.0
Iteration 336: 0.0
Iteration 337: 0.0
Iteration 338: 0.0
Iteration 339: 0.0
Iteration 340: 0.0
Iteration 341: 0.0
Iteration 342: 0.0
Iteration 343: 0.0
Iteration 344: 0.0
Iteration 345: 0.0
Iteration 346: 0.0
Iteration 347: 0.0
Iteration 348: 0.0
Iteration 349: 0.0
Iteration 350: 0.0
Iteration 351: 0.0
Iteration 352: 0.0
Iteration 353: 0.0
Iteration 354: 0.0
Iteration 355: 0.0

Cost
Iteration 1: 2065.1225000000004
Iteration 2: 2047.7320470425857
Iteration 3: 2030.5722246035023
Iteration 4: 2013.6192897907274
Iteration 5: 1996.889169232575
Iteration 6: 1980.3935737184866
Iteration 7: 1964.0916406155181
Iteration 8: 1947.9680955815847
Iteration 9: 1932.0147070425278
Iteration 10: 1916.1846224935848
Iteration 11: 1900.464240850857
Iteration 12: 1884.8358515934724
Iteration 13: 1869.269200348401
Iteration 14: 1853.7383855178382
Iteration 15: 1838.2219806012906
Iteration 16: 1822.7318523861354
Iteration 17: 1807.505702345016
Iteration 18: 1792.4678062105738
Iteration 19: 1777.5472850080255
Iteration 20: 1762.906879983418
Iteration 21: 1748.5930202648824
Iteration 22: 1734.5577313760102
Iteration 23: 1720.7470782856326
Iteration 24: 1707.1480483572352
Iteration 25: 1693.7416457613297
Iteration 26: 1680.5189510675373
Iteration 27: 1667.4276080834431
Iteration 28: 1654.4348283055742
Iteration 29: 1641.5608794759419
Iteration 30: 1628.772947930973
Iteration 31: 1616.1019501519027
Iteration 32: 1603.492705267988
Iteration 33: 1591.000716661503
Iteration 34: 1578.624498446842
Iteration 35: 1566.370649157234
Iteration 36: 1554.241861746372
Iteration 37: 1542.2647255421373
Iteration 38: 1530.439542528028
Iteration 39: 1518.7587915514541
Iteration 40: 1507.2308222455288
Iteration 41: 1495.8715459515508
Iteration 42: 1484.6962051385983
Iteration 43: 1473.6848288813312
Iteration 44: 1462.8244569920366
Iteration 45: 1452.1184384300257
Iteration 46: 1441.553891515536
Iteration 47: 1431.1067368222552
Iteration 48: 1420.76378803767
Iteration 49: 1410.4909301316995
Iteration 50: 1400.2467681292226
Iteration 51: 1389.9993329238043
Iteration 52: 1379.7309383887857
Iteration 53: 1369.4248708053394
Iteration 54: 1359.0523340674497
Iteration 55: 1348.5760960218697
Iteration 56: 1337.9600201614978
Iteration 57: 1327.4935785898033
Iteration 58: 1317.1677656109944
Iteration 59: 1306.8874490472276
Iteration 60: 1296.7626720040716
Iteration 61: 1286.9133940764048
Iteration 62: 1277.329695595742
Iteration 63: 1267.9521387629677
Iteration 64: 1258.7225603857246
Iteration 65: 1249.6225871637293
Iteration 66: 1240.622988553731
Iteration 67: 1231.6409040148114
Iteration 68: 1222.6622843748619
Iteration 69: 1213.6647536595647
Iteration 70: 1204.6414814782065
Iteration 71: 1195.5988828004695
Iteration 72: 1186.531783134231
Iteration 73: 1177.4286133051585
Iteration 74: 1168.3138752943037
Iteration 75: 1159.204767135578
Iteration 76: 1150.0580274609354
Iteration 77: 1140.860850134428
Iteration 78: 1131.6938371136616
Iteration 79: 1122.5407607536026
Iteration 80: 1113.416573685875
Iteration 81: 1104.3193564560418
Iteration 82: 1095.2589981713234
Iteration 83: 1086.2560424557971
Iteration 84: 1077.3103263312091
Iteration 85: 1068.425008844588
Iteration 86: 1059.5762056589508
Iteration 87: 1050.791846455338
Iteration 88: 1042.0853918251332
Iteration 89: 1033.4263578048772
Iteration 90: 1024.8262813629274
Iteration 91: 1016.2927706361672
Iteration 92: 1007.8399836682287
Iteration 93: 999.4810784192339
Iteration 94: 991.2035276773277
Iteration 95: 983.0126398973393
Iteration 96: 974.9081860239212
Iteration 97: 966.8884124471285
Iteration 98: 958.9557098230284
Iteration 99: 951.1054785150009
Iteration 100: 943.3198105819182
Iteration 101: 935.6312257211952
Iteration 102: 928.0273880679284
Iteration 103: 920.5194212747265
Iteration 104: 913.1023104203213
Iteration 105: 905.7863214614028
Iteration 106: 898.5538822041372
Iteration 107: 891.4316529740047
Iteration 108: 884.3958326455613
Iteration 109: 877.4604882477115
Iteration 110: 870.5796115112188
Iteration 111: 863.7914013865391
Iteration 112: 857.0956927993346
Iteration 113: 850.4930175325813
Iteration 114: 843.9814559574191
Iteration 115: 837.5769015262938
Iteration 116: 831.2680360658989
Iteration 117: 825.0582388422604
Iteration 118: 818.9464417458412
Iteration 119: 812.9206714394776
Iteration 120: 806.9571600202225
Iteration 121: 801.0715944942424
Iteration 122: 795.279157403384
Iteration 123: 789.5976876097221
Iteration 124: 784.010102568269
Iteration 125: 778.522070775322
Iteration 126: 773.1327520800397
Iteration 127: 767.8562268637875
Iteration 128: 762.6750704451478
Iteration 129: 757.5807574274012
Iteration 130: 752.5335922445558
Iteration 131: 747.5416471725504
Iteration 132: 742.6388851013457
Iteration 133: 737.8254013398747
Iteration 134: 733.1082453495976
Iteration 135: 728.485983756172
Iteration 136: 723.9589475102952
Iteration 137: 719.5290401041457
Iteration 138: 715.2017922213911
Iteration 139: 710.9619130816029
Iteration 140: 706.7655356823008
Iteration 141: 702.6562718331317
Iteration 142: 698.6567065972146
Iteration 143: 694.768935485334
Iteration 144: 690.9900395830075
Iteration 145: 687.3185304409203
Iteration 146: 683.7533539804774
Iteration 147: 680.3064409772902
Iteration 148: 676.9650987220506
Iteration 149: 673.6957777360824
Iteration 150: 670.5172849126194
Iteration 151: 667.3935789043217
Iteration 152: 664.3652452992524
Iteration 153: 661.4376939282047
Iteration 154: 658.6023772944535
Iteration 155: 655.8677267830589
Iteration 156: 653.2197823772348
Iteration 157: 650.6658519998361
Iteration 158: 648.1784448078147
Iteration 159: 645.754127476283
Iteration 160: 643.4229834954078
Iteration 161: 641.1453977584032
Iteration 162: 638.9058577855579
Iteration 163: 636.7412983978171
Iteration 164: 634.6643248646214
Iteration 165: 632.6684792462968
Iteration 166: 630.7324836618282
Iteration 167: 628.887104682085
Iteration 168: 627.1004316950676
Iteration 169: 625.359845803975
Iteration 170: 623.658135570802
Iteration 171: 622.0010465862969
Iteration 172: 620.3682470100289
Iteration 173: 618.7853831092839
Iteration 174: 617.2363304827944
Iteration 175: 615.733538009261
Iteration 176: 614.2779012924664
Iteration 177: 612.8702732529705
Iteration 178: 611.5166710105642
Iteration 179: 610.2165942024617
Iteration 180: 608.9398092660102
Iteration 181: 607.7058209678237
Iteration 182: 606.5172064210291
Iteration 183: 605.3665000651274
Iteration 184: 604.2397909392881
Iteration 185: 603.1245484946402
Iteration 186: 602.0213842531905
Iteration 187: 600.9261685786386
Iteration 188: 599.84584278334
Iteration 189: 598.7878062327608
Iteration 190: 597.7478844719365
Iteration 191: 596.7404460433268
Iteration 192: 595.7737500294327
Iteration 193: 594.8431390303047
Iteration 194: 593.945803559124
Iteration 195: 593.069828730752
Iteration 196: 592.2304669088163
Iteration 197: 591.4325352103689
Iteration 198: 590.6575260729886
Iteration 199: 589.9082858092671
Iteration 200: 589.171129571957
Iteration 201: 588.4431213785474
Iteration 202: 587.7105644328741
Iteration 203: 586.9978843433614
Iteration 204: 586.281273504493
Iteration 205: 585.5651852796656
Iteration 206: 584.851190087687
Iteration 207: 584.1402539017168
Iteration 208: 583.4464320679683
Iteration 209: 582.7750835684162
Iteration 210: 582.1284836003182
Iteration 211: 581.5009715762423
Iteration 212: 580.8939750221996
Iteration 213: 580.2932030492822
Iteration 214: 579.7104010837846
Iteration 215: 579.1456466708581
Iteration 216: 578.5954291079904
Iteration 217: 578.0601851911896
Iteration 218: 577.5346673099722
Iteration 219: 577.0269899594219
Iteration 220: 576.5052510147789
Iteration 221: 575.9818657675348
Iteration 222: 575.4596255406954
Iteration 223: 574.9324028199313
Iteration 224: 574.3965950744126
Iteration 225: 573.8791632475438
Iteration 226: 573.3754737904808
Iteration 227: 572.8859910530765
Iteration 228: 572.416170605136
Iteration 229: 571.957357004294
Iteration 230: 571.5117468993516
Iteration 231: 571.0648353047187
Iteration 232: 570.6284049329146
Iteration 233: 570.1977879401086
Iteration 234: 569.7704544715398
Iteration 235: 569.3580083631956
Iteration 236: 568.9470045976007
Iteration 237: 568.5493333155666
Iteration 238: 568.1592167987844
Iteration 239: 567.7769986540152
Iteration 240: 567.3923040685435
Iteration 241: 567.0273087978453
Iteration 242: 566.6646494477362
Iteration 243: 566.284426613195
Iteration 244: 565.9044624155516
Iteration 245: 565.5283891948912
Iteration 246: 565.1615500585625
Iteration 247: 564.7867062812486
Iteration 248: 564.4257812954008
Iteration 249: 564.0715139828009
Iteration 250: 563.7175642437815
Iteration 251: 563.371063814083
Iteration 252: 563.0350126307136
Iteration 253: 562.6989550919734
Iteration 254: 562.3559557327362
Iteration 255: 562.0201097882507
Iteration 256: 561.681338726251
Iteration 257: 561.3423111329703
Iteration 258: 561.0084016085917
Iteration 259: 560.6836956295344
Iteration 260: 560.3578978871333
Iteration 261: 560.0376744169729
Iteration 262: 559.7252493629999
Iteration 263: 559.417536590266
Iteration 264: 559.1130639275573
Iteration 265: 558.8072061454282
Iteration 266: 558.4981283996794
Iteration 267: 558.1966468868832
Iteration 268: 557.8983592089894
Iteration 269: 557.6011112047731
Iteration 270: 557.3081384008024
Iteration 271: 557.0159939859403
Iteration 272: 556.7297557351893
Iteration 273: 556.4328833783546
Iteration 274: 556.1420047476942
Iteration 275: 555.8609854617536
Iteration 276: 555.5852222599167
Iteration 277: 555.3129204311681
Iteration 278: 555.0298361489805
Iteration 279: 554.7432474371493
Iteration 280: 554.4596358258489
Iteration 281: 554.181412203522
Iteration 282: 553.9005345192072
Iteration 283: 553.621495747089
Iteration 284: 553.3454705272073
Iteration 285: 553.0729060507301
Iteration 286: 552.7955805332498
Iteration 287: 552.5124374266178
Iteration 288: 552.2336948331634
Iteration 289: 551.9524593929774
Iteration 290: 551.6719628700504
Iteration 291: 551.4066103219519
Iteration 292: 551.1457213478783
Iteration 293: 550.8912856744575
Iteration 294: 550.6452621548923
Iteration 295: 550.3922211180885
Iteration 296: 550.1293115649277
Iteration 297: 549.8715856375564
Iteration 298: 549.6168967671392
Iteration 299: 549.358284295968
Iteration 300: 549.0873020227223
Iteration 301: 548.8151667347602
Iteration 302: 548.5327188804916
Iteration 303: 548.2566655739525
Iteration 304: 547.9796319848489
Iteration 305: 547.7035963009059
Iteration 306: 547.4215061549572
Iteration 307: 547.1280724699486
Iteration 308: 546.8406240212895
Iteration 309: 546.5583517170027
Iteration 310: 546.2749659983197
Iteration 311: 545.9964935873265
Iteration 312: 545.7178760785948
Iteration 313: 545.4141825751918
Iteration 314: 545.0942639137317
Iteration 315: 544.7942967847209
Iteration 316: 544.5079955258489
Iteration 317: 544.2389287066189
Iteration 318: 543.9815901752775
Iteration 319: 543.7292986185856
Iteration 320: 543.4800267960078
Iteration 321: 543.2360190416384
Iteration 322: 542.9969075028429
Iteration 323: 542.7619277001351
Iteration 324: 542.5218160606507
Iteration 325: 542.2833351267384
Iteration 326: 542.0337835653143
Iteration 327: 541.7834757305034
Iteration 328: 541.5340770244118
Iteration 329: 541.276639131396
Iteration 330: 541.0198717694947
Iteration 331: 540.7555592383509
Iteration 332: 540.496876341625
Iteration 333: 540.2344395156916
Iteration 334: 539.9616062620556
Iteration 335: 539.6863845440797
Iteration 336: 539.3969185300316
Iteration 337: 539.0971806049796
Iteration 338: 538.7946713944091
Iteration 339: 538.4888400335008
Iteration 340: 538.1987055788351
Iteration 341: 537.9120022706483
Iteration 342: 537.6211905749371
Iteration 343: 537.3360520055869
Iteration 344: 537.0653274025906
Iteration 345: 536.7983691553791
Iteration 346: 536.5449821773245
Iteration 347: 536.2890093069815
Iteration 348: 536.0454519548446
Iteration 349: 535.8056099318298
Iteration 350: 535.5692912586336
Iteration 351: 535.3387150823918
Iteration 352: 535.108262306919
Iteration 353: 534.8928271666889
Iteration 354: 534.6867405598058
Iteration 355: 534.4713408687106

Standard Voronoi Baseline

